  0.00 0
  0.00 0
  0.05 0
  0.10 0
  0.15 0
  0.20 0
  0.25 0
  0.30 0
  0.35 0
  0.40 0
  0.45 0
  0.50 0
  0.55 0
  0.60 0
  0.65 0
  0.70 0
  0.75 0
  0.80 0
  0.85 0
  0.90 0
  0.95 0
  1.00 0
  1.05 0
  1.10 0
  1.15 0
  1.20 0
  1.25 0
  1.30 0
  1.35 0
  1.40 0
  1.45 0
  1.50 0
  1.55 0
  1.60 0
  1.65 0
  1.70 0
  1.75 0
  1.80 0
  1.85 0
  1.90 0
  1.95 0
  2.00 0
  2.05 0
  2.10 0
  2.15 0
  2.20 0
  2.25 0
  2.30 0
  2.35 0
  2.40 0
  2.45 0
  2.50 0
  2.55 0
  2.60 0
  2.65 0
  2.70 0
  2.75 0
  2.80 0
  2.85 0
  2.90 0
  2.95 0
  3.00 0
  3.05 0
  3.10 0
  3.15 0
  3.20 0
  3.25 0
  3.30 0
  3.35 0
  3.40 0
  3.45 0
  3.50 0
  3.55 0
  3.60 0
  3.65 0
  3.70 0
  3.75 0
  3.80 0
  3.85 0
  3.90 0
  3.95 0
  4.00 0
  4.05 0
  4.10 0
  4.15 0
  4.20 0
  4.25 0
  4.30 0
  4.35 0
  4.40 0
  4.45 0
  4.50 0
  4.55 0
  4.60 0
  4.65 0
  4.70 0
  4.75 0
  4.80 0
  4.85 0
  4.90 0
  4.95 0
  5.00 0
  5.05 0
  5.10 0
  5.15 0
  5.20 0
  5.25 0
  5.30 0
  5.35 0
  5.40 0
  5.45 0
  5.50 0
  5.55 0
  5.60 0
  5.65 0
  5.70 0
  5.75 0
  5.80 0
  5.85 0
  5.90 0
  5.95 0
  6.00 0
  6.05 0
  6.10 0
  6.15 0
  6.20 0
  6.25 0
  6.30 0
  6.35 0
  6.40 0
  6.45 0
  6.50 0
  6.55 0
  6.60 0
  6.65 0
  6.70 0
  6.75 0
  6.80 0
  6.85 0
  6.90 0
  6.95 0
  7.00 0
  7.05 0
  7.10 0
  7.15 0
  7.20 0
  7.25 0
  7.30 0
  7.35 0
  7.40 0
  7.45 0
  7.50 0
  7.55 0
  7.60 0
  7.65 0
  7.70 0
  7.75 0
  7.80 0
  7.85 0
  7.90 0
  7.95 0
  8.00 0
  8.05 0
  8.10 0
  8.15 0
  8.20 0
  8.25 0
  8.30 0
  8.35 0
  8.40 0
  8.45 0
  8.50 0
  8.55 0
  8.60 0
  8.65 0
  8.70 0
  8.75 0
  8.80 0
  8.85 0
  8.90 0
  8.95 0
  9.00 0
  9.05 0
  9.10 0
  9.15 0
  9.20 0
  9.25 0
  9.30 0
  9.35 0
  9.40 0
  9.45 0
  9.50 0
  9.55 0
  9.60 0
  9.65 0
  9.70 0
  9.75 0
  9.80 0
  9.85 0
  9.90 0
  9.95 0
 10.00 0
 10.05 0
 10.10 0
 10.15 0
 10.20 0
 10.25 0
 10.30 0
 10.35 0
 10.40 0
 10.45 0
 10.50 0
 10.55 0
 10.60 0
 10.65 0
 10.70 0
 10.75 0
 10.80 0
 10.85 0
 10.90 0
 10.95 0
 11.00 0
 11.05 0
 11.10 0
 11.15 0
 11.20 0
 11.25 0
 11.30 0
 11.35 0
 11.40 0
 11.45 0
 11.50 0
 11.55 0
 11.60 0
 11.65 0
 11.70 0
 11.75 0
 11.80 0
 11.85 0
 11.90 0
 11.95 0
 12.00 0
 12.05 0
 12.10 0
 12.15 0
 12.20 0
 12.25 0
 12.30 0
 12.35 0
 12.40 0
 12.45 0
 12.50 0
 12.55 0
 12.60 0
 12.65 0
 12.70 0
 12.75 0
 12.80 0
 12.85 0
 12.90 0
 12.95 0
 13.00 0
 13.05 0
 13.10 0
 13.15 0
 13.20 0
 13.25 0
 13.30 0
 13.35 0
 13.40 0
 13.45 0
 13.50 0
 13.55 0
 13.60 0
 13.65 0
 13.70 0
 13.75 0
 13.80 0
 13.85 0
 13.90 0
 13.95 0
 14.00 0
 14.05 0
 14.10 0
 14.15 0
 14.20 0
 14.25 0
 14.30 0
 14.35 0
 14.40 0
 14.45 0
 14.50 0
 14.55 0
 14.60 0
 14.65 0
 14.70 0
 14.75 0
 14.80 0
 14.85 0
 14.90 0
 14.95 0
 15.00 0
 15.05 0
 15.10 0
 15.15 0
 15.20 0
 15.25 0
 15.30 0
 15.35 0
 15.40 0
 15.45 0
 15.50 0
 15.55 0
 15.60 0
 15.65 0
 15.70 0
 15.75 0
 15.80 0
 15.85 0
 15.90 0
 15.95 0
 16.00 0
 16.05 0
 16.10 0
 16.15 0
 16.20 0
 16.25 0
 16.30 0
 16.35 0
 16.40 0
 16.45 0
 16.50 0
 16.55 0
 16.60 0
 16.65 0
 16.70 0
 16.75 0
 16.80 0
 16.85 0
 16.90 0
 16.95 0
 17.00 0
 17.05 0
 17.10 0
 17.15 0
 17.20 0
 17.25 0
 17.30 0
 17.35 0
 17.40 0
 17.45 0
 17.50 0
 17.55 0
 17.60 0
 17.65 0
 17.70 0
 17.75 0
 17.80 0
 17.85 0
 17.90 0
 17.95 0
 18.00 0
 18.05 0
 18.10 0
 18.15 0
 18.20 0
 18.25 0
 18.30 0
 18.35 0
 18.40 0
 18.45 0
 18.50 0
 18.55 0
 18.60 0
 18.65 0
 18.70 0
 18.75 0
 18.80 0
 18.85 0
 18.90 0
 18.95 0
 19.00 0
 19.05 0
 19.10 0
 19.15 0
 19.20 0
 19.25 0
 19.30 0
 19.35 0
 19.40 0
 19.45 0
 19.50 0
 19.55 0
 19.60 0
 19.65 0
 19.70 0
 19.75 0
 19.80 0
 19.85 0
 19.90 0
 19.95 0
 20.00 0
 20.05 0
 20.10 0
 20.15 0
 20.20 0
 20.25 0
 20.30 0
 20.35 0
 20.40 0
 20.45 0
 20.50 0
 20.55 0
 20.60 0
 20.65 0
 20.70 0
 20.75 0
 20.80 0
 20.85 0
 20.90 0
 20.95 0
 21.00 0
 21.05 0
 21.10 0
 21.15 0
 21.20 0
 21.25 0
 21.30 0
 21.35 0
 21.40 0
 21.45 0
 21.50 0
 21.55 0
 21.60 0
 21.65 0
 21.70 0
 21.75 0
 21.80 0
 21.85 0
 21.90 0
 21.95 0
 22.00 0
 22.05 0
 22.10 0
 22.15 0
 22.20 0
 22.25 0
 22.30 0
 22.35 0
 22.40 0
 22.45 0
 22.50 0
 22.55 0
 22.60 0
 22.65 0
 22.70 0
 22.75 0
 22.80 0
 22.85 0
 22.90 0
 22.95 0
 23.00 0
 23.05 0
 23.10 0
 23.15 0
 23.20 0
 23.25 0
 23.30 0
 23.35 0
 23.40 0
 23.45 0
 23.50 0
 23.55 0
 23.60 0
 23.65 0
 23.70 0
 23.75 0
 23.80 0
 23.85 0
 23.90 0
 23.95 0
 24.00 0
 24.05 0
 24.10 0
 24.15 0
 24.20 0
 24.25 0
 24.30 0
 24.35 0
 24.40 0
 24.45 0
 24.50 0
 24.55 0
 24.60 0
 24.65 0
 24.70 0
 24.75 0
 24.80 0
 24.85 0
 24.90 0
 24.95 0
 25.00 0
 25.05 0
 25.10 0
 25.15 0
 25.20 0
 25.25 0
 25.30 0
 25.35 0
 25.40 0
 25.45 0
 25.50 0
 25.55 0
 25.60 0
 25.65 0
 25.70 0
 25.75 0
 25.80 0
 25.85 0
 25.90 0
 25.95 0
 26.00 0
 26.05 0
 26.10 0
 26.15 0
 26.20 0
 26.25 0
 26.30 0
 26.35 0
 26.40 0
 26.45 0
 26.50 0
 26.55 0
 26.60 0
 26.65 0
 26.70 0
 26.75 0
 26.80 0
 26.85 0
 26.90 0
 26.95 0
 27.00 0
 27.05 0
 27.10 0
 27.15 0
 27.20 0
 27.25 0
 27.30 0
 27.35 0
 27.40 0
 27.45 0
 27.50 0
 27.55 0
 27.60 0
 27.65 0
 27.70 0
 27.75 0
 27.80 0
 27.85 0
 27.90 0
 27.95 0
 28.00 0
 28.05 0
 28.10 0
 28.15 0
 28.20 0
 28.25 0
 28.30 0
 28.35 0
 28.40 0
 28.45 0
 28.50 0
 28.55 0
 28.60 0
 28.65 0
 28.70 0
 28.75 0
 28.80 0
 28.85 0
 28.90 0
 28.95 0
 29.00 0
 29.05 0
 29.10 0
 29.15 0
 29.20 0
 29.25 0
 29.30 0
 29.35 0
 29.40 0
 29.45 0
 29.50 0
 29.55 0
 29.60 0
 29.65 0
 29.70 0
 29.75 0
 29.80 0
 29.85 0
 29.90 0
 29.95 0
 30.00 0
 30.05 0
 30.10 0
 30.15 0
 30.20 0
 30.25 0
 30.30 0
 30.35 0
 30.40 0
 30.45 0
 30.50 0
 30.55 0
 30.60 0
 30.65 0
 30.70 0
 30.75 0
 30.80 0
 30.85 0
 30.90 0
 30.95 0
 31.00 0
 31.05 0
 31.10 0
 31.15 0
 31.20 0
 31.25 0
 31.30 0
 31.35 0
 31.40 0
 31.45 0
 31.50 0
 31.55 0
 31.60 0
 31.65 0
 31.70 0
 31.75 0
 31.80 0
 31.85 0
 31.90 0
 31.95 0
 32.00 0
 32.05 0
 32.10 0
 32.15 0
 32.20 0
 32.25 0
 32.30 0
 32.35 0
 32.40 0
 32.45 0
 32.50 0
 32.55 0
 32.60 0
 32.65 0
 32.70 0
 32.75 0
 32.80 0
 32.85 0
 32.90 0
 32.95 0
 33.00 0
 33.05 0
 33.10 0
 33.15 0
 33.20 0
 33.25 0
 33.30 0
 33.35 0
 33.40 0
 33.45 0
 33.50 0
 33.55 0
 33.60 0
 33.65 0
 33.70 0
 33.75 0
 33.80 0
 33.85 0
 33.90 0
 33.95 0
 34.00 0
 34.05 0
 34.10 0
 34.15 0
 34.20 0
 34.25 0
 34.30 0
 34.35 0
 34.40 0
 34.45 0
 34.50 0
 34.55 0
 34.60 0
 34.65 0
 34.70 0
 34.75 0
 34.80 0
 34.85 0
 34.90 0
 34.95 0
 35.00 0
 35.05 0
 35.10 0
 35.15 0
 35.20 0
 35.25 0
 35.30 0
 35.35 0
 35.40 0
 35.45 0
 35.50 0
 35.55 0
 35.60 0
 35.65 0
 35.70 0
 35.75 0
 35.80 0
 35.85 0
 35.90 0
 35.95 0
 36.00 0
 36.05 0
 36.10 0
 36.15 0
 36.20 0
 36.25 0
 36.30 0
 36.35 0
 36.40 0
 36.45 0
 36.50 0
 36.55 0
 36.60 0
 36.65 0
 36.70 0
 36.75 0
 36.80 0
 36.85 0
 36.90 0
 36.95 0
 37.00 0
 37.05 0
 37.10 0
 37.15 0
 37.20 0
 37.25 0
 37.30 0
 37.35 0
 37.40 0
 37.45 0
 37.50 0
 37.55 0
 37.60 0
 37.65 0
 37.70 0
 37.75 0
 37.80 0
 37.85 0
 37.90 0
 37.95 0
 38.00 0
 38.05 0
 38.10 0
 38.15 0
 38.20 0
 38.25 0
 38.30 0
 38.35 0
 38.40 0
 38.45 0
 38.50 0
 38.55 0
 38.60 0
 38.65 0
 38.70 0
 38.75 0
 38.80 0
 38.85 0
 38.90 0
 38.95 0
 39.00 0
 39.05 0
 39.10 0
 39.15 0
 39.20 0
 39.25 0
 39.30 0
 39.35 0
 39.40 0
 39.45 0
 39.50 0
 39.55 0
 39.60 0
 39.65 0
 39.70 0
 39.75 0
 39.80 0
 39.85 0
 39.90 0
 39.95 0
 40.00 0
 40.05 0
 40.10 0
 40.15 0
 40.20 0
 40.25 0
 40.30 0
 40.35 0
 40.40 0
 40.45 0
 40.50 0
 40.55 0
 40.60 0
 40.65 0
 40.70 0
 40.75 0
 40.80 0
 40.85 0
 40.90 0
 40.95 0
 41.00 0
 41.05 0
 41.10 0
 41.15 0
 41.20 0
 41.25 0
 41.30 0
 41.35 0
 41.40 0
 41.45 0
 41.50 0
 41.55 0
 41.60 0
 41.65 0
 41.70 0
 41.75 0
 41.80 0
 41.85 0
 41.90 0
 41.95 0
 42.00 0
 42.05 0
 42.10 0
 42.15 0
 42.20 0
 42.25 0
 42.30 0
 42.35 0
 42.40 0
 42.45 0
 42.50 0
 42.55 0
 42.60 0
 42.65 0
 42.70 0
 42.75 0
 42.80 0
 42.85 0
 42.90 0
 42.95 0
 43.00 0
 43.05 0
 43.10 0
 43.15 0
 43.20 0
 43.25 0
 43.30 0
 43.35 0
 43.40 0
 43.45 0
 43.50 0
 43.55 0
 43.60 0
 43.65 0
 43.70 0
 43.75 0
 43.80 0
 43.85 0
 43.90 0
 43.95 0
 44.00 0
 44.05 0
 44.10 0
 44.15 0
 44.20 0
 44.25 0
 44.30 0
 44.35 0
 44.40 0
 44.45 0
 44.50 0
 44.55 0
 44.60 0
 44.65 0
 44.70 0
 44.75 0
 44.80 0
 44.85 0
 44.90 0
 44.95 0
 45.00 0
 45.05 0
 45.10 0
 45.15 0
 45.20 0
 45.25 0
 45.30 0
 45.35 0
 45.40 0
 45.45 0
 45.50 0
 45.55 0
 45.60 0
 45.65 0
 45.70 0
 45.75 0
 45.80 0
 45.85 0
 45.90 0
 45.95 0
 46.00 0
 46.05 0
 46.10 0
 46.15 0
 46.20 0
 46.25 0
 46.30 0
 46.35 0
 46.40 0
 46.45 0
 46.50 0
 46.55 0
 46.60 0
 46.65 0
 46.70 0
 46.75 0
 46.80 0
 46.85 0
 46.90 0
 46.95 0
 47.00 0
 47.05 0
 47.10 0
 47.15 0
 47.20 0
 47.25 0
 47.30 0
 47.35 0
 47.40 0
 47.45 0
 47.50 0
 47.55 0
 47.60 0
 47.65 0
 47.70 0
 47.75 0
 47.80 0
 47.85 0
 47.90 0
 47.95 0
 48.00 0
 48.05 0
 48.10 0
 48.15 0
 48.20 0
 48.25 0
 48.30 0
 48.35 0
 48.40 0
 48.45 0
 48.50 0
 48.55 0
 48.60 0
 48.65 0
 48.70 0
 48.75 0
 48.80 0
 48.85 0
 48.90 0
 48.95 0
 49.00 0
 49.05 0
 49.10 0
 49.15 0
 49.20 0
 49.25 0
 49.30 0
 49.35 0
 49.40 0
 49.45 0
 49.50 0
 49.55 0
 49.60 0
 49.65 0
 49.70 0
 49.75 0
 49.80 0
 49.85 0
 49.90 0
 49.95 0
 50.00 0
 50.05 0
 50.10 0
 50.15 0
 50.20 0
 50.25 0
 50.30 0
 50.35 0
 50.40 0
 50.45 0
 50.50 0
 50.55 0
 50.60 0
 50.65 0
 50.70 0
 50.75 0
 50.80 0
 50.85 0
 50.90 0
 50.95 0
 51.00 0
 51.05 0
 51.10 0
 51.15 0
 51.20 0
 51.25 0
 51.30 0
 51.35 0
 51.40 0
 51.45 0
 51.50 0
 51.55 0
 51.60 0
 51.65 0
 51.70 0
 51.75 0
 51.80 0
 51.85 0
 51.90 0
 51.95 0
 52.00 0
 52.05 0
 52.10 0
 52.15 0
 52.20 0
 52.25 0
 52.30 0
 52.35 0
 52.40 0
 52.45 0
 52.50 0
 52.55 0
 52.60 0
 52.65 0
 52.70 0
 52.75 0
 52.80 0
 52.85 0
 52.90 0
 52.95 0
 53.00 0
 53.05 0
 53.10 0
 53.15 0
 53.20 0
 53.25 0
 53.30 0
 53.35 0
 53.40 0
 53.45 0
 53.50 0
 53.55 0
 53.60 0
 53.65 0
 53.70 0
 53.75 0
 53.80 0
 53.85 0
 53.90 0
 53.95 0
 54.00 0
 54.05 0
 54.10 0
 54.15 0
 54.20 0
 54.25 0
 54.30 0
 54.35 0
 54.40 0
 54.45 0
 54.50 0
 54.55 0
 54.60 0
 54.65 0
 54.70 0
 54.75 0
 54.80 0
 54.85 0
 54.90 0
 54.95 0
 55.00 0
 55.05 0
 55.10 0
 55.15 0
 55.20 0
 55.25 0
 55.30 0
 55.35 0
 55.40 0
 55.45 0
 55.50 0
 55.55 0
 55.60 0
 55.65 0
 55.70 0
 55.75 0
 55.80 0
 55.85 0
 55.90 0
 55.95 0
 56.00 0
 56.05 0
 56.10 0
 56.15 0
 56.20 0
 56.25 0
 56.30 0
 56.35 0
 56.40 0
 56.45 0
 56.50 0
 56.55 0
 56.60 0
 56.65 0
 56.70 0
 56.75 0
 56.80 0
 56.85 0
 56.90 0
 56.95 0
 57.00 0
 57.05 0
 57.10 0
 57.15 0
 57.20 0
 57.25 0
 57.30 0
 57.35 0
 57.40 0
 57.45 0
 57.50 0
 57.55 0
 57.60 0
 57.65 0
 57.70 0
 57.75 0
 57.80 0
 57.85 0
 57.90 0
 57.95 0
 58.00 0
 58.05 0
 58.10 0
 58.15 0
 58.20 0
 58.25 0
 58.30 0
 58.35 0
 58.40 0
 58.45 0
 58.50 0
 58.55 0
 58.60 0
 58.65 0
 58.70 0
 58.75 0
 58.80 0
 58.85 0
 58.90 0
 58.95 0
 59.00 0
 59.05 0
 59.10 0
 59.15 0
 59.20 0
 59.25 0
 59.30 0
 59.35 0
 59.40 0
 59.45 0
 59.50 0
 59.55 0
 59.60 0
 59.65 0
 59.70 0
 59.75 0
 59.80 0
 59.85 0
 59.90 0
 59.95 0
 60.00 0
 60.05 0
 60.10 0
 60.15 0
 60.20 0
 60.25 0
 60.30 0
 60.35 0
 60.40 0
 60.45 0
 60.50 0
 60.55 0
 60.60 0
 60.65 0
 60.70 0
 60.75 0
 60.80 0
 60.85 0
 60.90 0
 60.95 0
 61.00 0
 61.05 0
 61.10 0
 61.15 0
 61.20 0
 61.25 0
 61.30 0
 61.35 0
 61.40 0
 61.45 0
 61.50 0
 61.55 0
 61.60 0
 61.65 0
 61.70 0
 61.75 0
 61.80 0
 61.85 0
 61.90 0
 61.95 0
 62.00 0
 62.05 0
 62.10 0
 62.15 0
 62.20 0
 62.25 0
 62.30 0
 62.35 0
 62.40 0
 62.45 0
 62.50 0
 62.55 0
 62.60 0
 62.65 0
 62.70 0
 62.75 0
 62.80 0
 62.85 0
 62.90 0
 62.95 0
 63.00 0
 63.05 0
 63.10 0
 63.15 0
 63.20 0
 63.25 0
 63.30 0
 63.35 0
 63.40 0
 63.45 0
 63.50 0
 63.55 0
 63.60 0
 63.65 0
 63.70 0
 63.75 0
 63.80 0
 63.85 0
 63.90 0
 63.95 0
 64.00 0
 64.05 0
 64.10 0
 64.15 0
 64.20 0
 64.25 0
 64.30 0
 64.35 0
 64.40 0
 64.45 0
 64.50 0
 64.55 0
 64.60 0
 64.65 0
 64.70 0
 64.75 0
 64.80 0
 64.85 0
 64.90 0
 64.95 0
 65.00 0
 65.05 0
 65.10 0
 65.15 0
 65.20 0
 65.25 0
 65.30 0
 65.35 0
 65.40 0
 65.45 0
 65.50 0
 65.55 0
 65.60 0
 65.65 0
 65.70 0
 65.75 0
 65.80 0
 65.85 0
 65.90 0
 65.95 0
 66.00 0
 66.05 0
 66.10 0
 66.15 0
 66.20 0
 66.25 0
 66.30 0
 66.35 0
 66.40 0
 66.45 0
 66.50 0
 66.55 0
 66.60 0
 66.65 0
 66.70 0
 66.75 0
 66.80 0
 66.85 0
 66.90 0
 66.95 0
 67.00 0
 67.05 0
 67.10 0
 67.15 0
 67.20 0
 67.25 0
 67.30 0
 67.35 0
 67.40 0
 67.45 0
 67.50 0
 67.55 0
 67.60 0
 67.65 0
 67.70 0
 67.75 0
 67.80 0
 67.85 0
 67.90 0
 67.95 0
 68.00 0
 68.05 0
 68.10 0
 68.15 0
 68.20 0
 68.25 0
 68.30 0
 68.35 0
 68.40 0
 68.45 0
 68.50 0
 68.55 0
 68.60 0
 68.65 0
 68.70 0
 68.75 0
 68.80 0
 68.85 0
 68.90 0
 68.95 0
 69.00 0
 69.05 0
 69.10 0
 69.15 0
 69.20 0
 69.25 0
 69.30 0
 69.35 0
 69.40 0
 69.45 0
 69.50 0
 69.55 0
 69.60 0
 69.65 0
 69.70 0
 69.75 0
 69.80 0
 69.85 0
 69.90 0
 69.95 0
 70.00 0
 70.05 0
 70.10 0
 70.15 0
 70.20 0
 70.25 0
 70.30 0
 70.35 0
 70.40 0
 70.45 0
 70.50 0
 70.55 0
 70.60 0
 70.65 0
 70.70 0
 70.75 0
 70.80 0
 70.85 0
 70.90 0
 70.95 0
 71.00 0
 71.05 0
 71.10 0
 71.15 0
 71.20 0
 71.25 0
 71.30 0
 71.35 0
 71.40 0
 71.45 0
 71.50 0
 71.55 0
 71.60 0
 71.65 0
 71.70 0
 71.75 0
 71.80 0
 71.85 0
 71.90 0
 71.95 0
 72.00 0
 72.05 0
 72.10 0
 72.15 0
 72.20 0
 72.25 0
 72.30 0
 72.35 0
 72.40 0
 72.45 0
 72.50 0
 72.55 0
 72.60 0
 72.65 0
 72.70 0
 72.75 0
 72.80 0
 72.85 0
 72.90 0
 72.95 0
 73.00 0
 73.05 0
 73.10 0
 73.15 0
 73.20 0
 73.25 0
 73.30 0
 73.35 0
 73.40 0
 73.45 0
 73.50 0
 73.55 0
 73.60 0
 73.65 0
 73.70 0
 73.75 0
 73.80 0
 73.85 0
 73.90 0
 73.95 0
 74.00 0
 74.05 0
 74.10 0
 74.15 0
 74.20 0
 74.25 0
 74.30 0
 74.35 0
 74.40 0
 74.45 0
 74.50 0
 74.55 0
 74.60 0
 74.65 0
 74.70 0
 74.75 0
 74.80 0
 74.85 0
 74.90 0
 74.95 0
 75.00 0
 75.05 0
 75.10 0
 75.15 0
 75.20 0
 75.25 0
 75.30 0
 75.35 0
 75.40 0
 75.45 0
 75.50 0
 75.55 0
 75.60 0
 75.65 0
 75.70 0
 75.75 0
 75.80 0
 75.85 0
 75.90 0
 75.95 0
 76.00 0
 76.05 0
 76.10 0
 76.15 0
 76.20 0
 76.25 0
 76.30 0
 76.35 0
 76.40 0
 76.45 0
 76.50 0
 76.55 0
 76.60 0
 76.65 0
 76.70 0
 76.75 0
 76.80 0
 76.85 0
 76.90 0
 76.95 0
 77.00 0
 77.05 0
 77.10 0
 77.15 0
 77.20 0
 77.25 0
 77.30 0
 77.35 0
 77.40 0
 77.45 0
 77.50 0
 77.55 0
 77.60 0
 77.65 0
 77.70 0
 77.75 0
 77.80 0
 77.85 0
 77.90 0
 77.95 0
 78.00 0
 78.05 0
 78.10 0
 78.15 0
 78.20 0
 78.25 0
 78.30 0
 78.35 0
 78.40 0
 78.45 0
 78.50 0
 78.55 0
 78.60 0
 78.65 0
 78.70 0
 78.75 0
 78.80 0
 78.85 0
 78.90 0
 78.95 0
 79.00 0
 79.05 0
 79.10 0
 79.15 0
 79.20 0
 79.25 0
 79.30 0
 79.35 0
 79.40 0
 79.45 0
 79.50 0
 79.55 0
 79.60 0
 79.65 0
 79.70 0
 79.75 0
 79.80 0
 79.85 0
 79.90 0
 79.95 0
 80.00 0
 80.05 0
 80.10 0
 80.15 0
 80.20 0
 80.25 0
 80.30 0
 80.35 0
 80.40 0
 80.45 0
 80.50 0
 80.55 0
 80.60 0
 80.65 0
 80.70 0
 80.75 0
 80.80 0
 80.85 0
 80.90 0
 80.95 0
 81.00 0
 81.05 0
 81.10 0
 81.15 0
 81.20 0
 81.25 0
 81.30 0
 81.35 0
 81.40 0
 81.45 0
 81.50 0
 81.55 0
 81.60 0
 81.65 0
 81.70 0
 81.75 0
 81.80 0
 81.85 0
 81.90 0
 81.95 0
 82.00 0
 82.05 0
 82.10 0
 82.15 0
 82.20 0
 82.25 0
 82.30 0
 82.35 0
 82.40 0
 82.45 0
 82.50 0
 82.55 0
 82.60 0
 82.65 0
 82.70 0
 82.75 0
 82.80 0
 82.85 0
 82.90 0
 82.95 0
 83.00 0
 83.05 0
 83.10 0
 83.15 0
 83.20 0
 83.25 0
 83.30 0
 83.35 0
 83.40 0
 83.45 0
 83.50 0
 83.55 0
 83.60 0
 83.65 0
 83.70 0
 83.75 0
 83.80 0
 83.85 0
 83.90 0
 83.95 0
 84.00 0
 84.05 0
 84.10 0
 84.15 0
 84.20 0
 84.25 0
 84.30 0
 84.35 0
 84.40 0
 84.45 0
 84.50 0
 84.55 0
 84.60 0
 84.65 0
 84.70 0
 84.75 0
 84.80 0
 84.85 0
 84.90 0
 84.95 0
 85.00 0
 85.05 0
 85.10 0
 85.15 0
 85.20 0
 85.25 0
 85.30 0
 85.35 0
 85.40 0
 85.45 0
 85.50 0
 85.55 0
 85.60 0
 85.65 0
 85.70 0
 85.75 0
 85.80 0
 85.85 0
 85.90 0
 85.95 0
 86.00 0
 86.05 0
 86.10 0
 86.15 0
 86.20 0
 86.25 0
 86.30 0
 86.35 0
 86.40 0
 86.45 0
 86.50 0
 86.55 0
 86.60 0
 86.65 0
 86.70 0
 86.75 0
 86.80 0
 86.85 0
 86.90 0
 86.95 0
 87.00 0
 87.05 0
 87.10 0
 87.15 0
 87.20 0
 87.25 0
 87.30 0
 87.35 0
 87.40 0
 87.45 0
 87.50 0
 87.55 0
 87.60 0
 87.65 0
 87.70 0
 87.75 0
 87.80 0
 87.85 0
 87.90 0
 87.95 0
 88.00 0
 88.05 0
 88.10 0
 88.15 0
 88.20 0
 88.25 0
 88.30 0
 88.35 0
 88.40 0
 88.45 0
 88.50 0
 88.55 0
 88.60 0
 88.65 0
 88.70 0
 88.75 0
 88.80 0
 88.85 0
 88.90 0
 88.95 0
 89.00 0
 89.05 0
 89.10 0
 89.15 0
 89.20 0
 89.25 0
 89.30 0
 89.35 0
 89.40 0
 89.45 0
 89.50 0
 89.55 0
 89.60 0
 89.65 0
 89.70 0
 89.75 0
 89.80 0
 89.85 0
 89.90 0
 89.95 0
 90.00 0
 90.05 0
 90.10 0
 90.15 0
 90.20 0
 90.25 0
 90.30 0
 90.35 0
 90.40 0
 90.45 0
 90.50 0
 90.55 0
 90.60 0
 90.65 0
 90.70 0
 90.75 0
 90.80 0
 90.85 0
 90.90 0
 90.95 0
 91.00 0
 91.05 0
 91.10 0
 91.15 0
 91.20 0
 91.25 0
 91.30 0
 91.35 0
 91.40 0
 91.45 0
 91.50 0
 91.55 0
 91.60 0
 91.65 0
 91.70 0
 91.75 0
 91.80 0
 91.85 0
 91.90 0
 91.95 0
 92.00 0
 92.05 0
 92.10 0
 92.15 0
 92.20 0
 92.25 0
 92.30 0
 92.35 0
 92.40 0
 92.45 0
 92.50 0
 92.55 0
 92.60 0
 92.65 0
 92.70 0
 92.75 0
 92.80 0
 92.85 0
 92.90 0
 92.95 0
 93.00 0
 93.05 0
 93.10 0
 93.15 0
 93.20 0
 93.25 0
 93.30 0
 93.35 0
 93.40 0
 93.45 0
 93.50 0
 93.55 0
 93.60 0
 93.65 0
 93.70 0
 93.75 0
 93.80 0
 93.85 0
 93.90 0
 93.95 0
 94.00 0
 94.05 0
 94.10 0
 94.15 0
 94.20 0
 94.25 0
 94.30 0
 94.35 0
 94.40 0
 94.45 0
 94.50 0
 94.55 0
 94.60 0
 94.65 0
 94.70 0
 94.75 0
 94.80 0
 94.85 0
 94.90 0
 94.95 0
 95.00 0
 95.05 0
 95.10 0
 95.15 0
 95.20 0
 95.25 0
 95.30 0
 95.35 0
 95.40 0
 95.45 0
 95.50 0
 95.55 0
 95.60 0
 95.65 0
 95.70 0
 95.75 0
 95.80 0
 95.85 0
 95.90 0
 95.95 0
 96.00 0
 96.05 0
 96.10 0
 96.15 0
 96.20 0
 96.25 0
 96.30 0
 96.35 0
 96.40 0
 96.45 0
 96.50 0
 96.55 0
 96.60 0
 96.65 0
 96.70 0
 96.75 0
 96.80 0
 96.85 0
 96.90 0
 96.95 0
 97.00 0
 97.05 0
 97.10 0
 97.15 0
 97.20 0
 97.25 0
 97.30 0
 97.35 0
 97.40 0
 97.45 0
 97.50 0
 97.55 0
 97.60 0
 97.65 0
 97.70 0
 97.75 0
 97.80 0
 97.85 0
 97.90 0
 97.95 0
 98.00 0
 98.05 0
 98.10 0
 98.15 0
 98.20 0
 98.25 0
 98.30 0
 98.35 0
 98.40 0
 98.45 0
 98.50 0
 98.55 0
 98.60 0
 98.65 0
 98.70 0
 98.75 0
 98.80 0
 98.85 0
 98.90 0
 98.95 0
 99.00 0
 99.05 0
 99.10 0
 99.15 0
 99.20 0
 99.25 0
 99.30 0
 99.35 0
 99.40 0
 99.45 0
 99.50 0
 99.55 0
 99.60 0
 99.65 0
 99.70 0
 99.75 0
 99.80 0
 99.85 0
 99.90 0
 99.95 0
100.00 0
100.05 0
100.10 0
100.15 0
100.20 0
100.25 0
100.30 0
100.35 0
100.40 0
100.45 0
100.50 0
100.55 0
100.60 0
100.65 0
100.70 0
100.75 0
100.80 0
100.85 0
100.90 0
100.95 0
101.00 0
101.05 0
101.10 0
101.15 0
101.20 0
101.25 0
101.30 0
101.35 0
101.40 0
101.45 0
101.50 0
101.55 0
101.60 0
101.65 0
101.70 0
101.75 0
101.80 0
101.85 0
101.90 0
101.95 0
102.00 0
102.05 0
102.10 0
102.15 0
102.20 0
102.25 0
102.30 0
102.35 0
102.40 0
102.45 0
102.50 0
102.55 0
102.60 0
102.65 0
102.70 0
102.75 0
102.80 0
102.85 0
102.90 0
102.95 0
103.00 0
103.05 0
103.10 0
103.15 0
103.20 0
103.25 0
103.30 0
103.35 0
103.40 0
103.45 0
103.50 0
103.55 0
103.60 0
103.65 0
103.70 0
103.75 0
103.80 0
103.85 0
103.90 0
103.95 0
104.00 0
104.05 0
104.10 0
104.15 0
104.20 0
104.25 0
104.30 0
104.35 0
104.40 0
104.45 0
104.50 0
104.55 0
104.60 0
104.65 0
104.70 0
104.75 0
104.80 0
104.85 0
104.90 0
104.95 0
105.00 0
105.05 0
105.10 0
105.15 0
105.20 0
105.25 0
105.30 0
105.35 0
105.40 0
105.45 0
105.50 0
105.55 0
105.60 0
105.65 0
105.70 0
105.75 0
105.80 0
105.85 0
105.90 0
105.95 0
106.00 0
106.05 0
106.10 0
106.15 0
106.20 0
106.25 0
106.30 0
106.35 0
106.40 0
106.45 0
106.50 0
106.55 0
106.60 0
106.65 0
106.70 0
106.75 0
106.80 0
106.85 0
106.90 0
106.95 0
107.00 0
107.05 0
107.10 0
107.15 0
107.20 0
107.25 0
107.30 0
107.35 0
107.40 0
107.45 0
107.50 0
107.55 0
107.60 0
107.65 0
107.70 0
107.75 0
107.80 0
107.85 0
107.90 0
107.95 0
108.00 0
108.05 0
108.10 0
108.15 0
108.20 0
108.25 0
108.30 0
108.35 0
108.40 0
108.45 0
108.50 0
108.55 0
108.60 0
108.65 0
108.70 0
108.75 0
108.80 0
108.85 0
108.90 0
108.95 0
109.00 0
109.05 0
109.10 0
109.15 0
109.20 0
109.25 0
109.30 0
109.35 0
109.40 0
109.45 0
109.50 0
109.55 0
109.60 0
109.65 0
109.70 0
109.75 0
109.80 0
109.85 0
109.90 0
109.95 0
110.00 0
110.05 0
110.10 0
110.15 0
110.20 0
110.25 0
110.30 0
110.35 0
110.40 0
110.45 0
110.50 0
110.55 0
110.60 0
110.65 0
110.70 0
110.75 0
110.80 0
110.85 0
110.90 0
110.95 0
111.00 0
111.05 0
111.10 0
111.15 0
111.20 0
111.25 0
111.30 0
111.35 0
111.40 0
111.45 0
111.50 0
111.55 0
111.60 0
111.65 0
111.70 0
111.75 0
111.80 0
111.85 0
111.90 0
111.95 0
112.00 0
112.05 0
112.10 0
112.15 0
112.20 0
112.25 0
112.30 0
112.35 0
112.40 0
112.45 0
112.50 0
112.55 0
112.60 0
112.65 0
112.70 0
112.75 0
112.80 0
112.85 0
112.90 0
112.95 0
113.00 0
113.05 0
113.10 0
113.15 0
113.20 0
113.25 0
113.30 0
113.35 0
113.40 0
113.45 0
113.50 0
113.55 0
113.60 0
113.65 0
113.70 0
113.75 0
113.80 0
113.85 0
113.90 0
113.95 0
114.00 0
114.05 0
114.10 0
114.15 0
114.20 0
114.25 0
114.30 0
114.35 0
114.40 0
114.45 0
114.50 0
114.55 0
114.60 0
114.65 0
114.70 0
114.75 0
114.80 0
114.85 0
114.90 0
114.95 0
115.00 0
115.05 0
115.10 0
115.15 0
115.20 0
115.25 0
115.30 0
115.35 0
115.40 0
115.45 0
115.50 0
115.55 0
115.60 0
115.65 0
115.70 0
115.75 0
115.80 0
115.85 0
115.90 0
115.95 0
116.00 0
116.05 0
116.10 0
116.15 0
116.20 0
116.25 0
116.30 0
116.35 0
116.40 0
116.45 0
116.50 0
116.55 0
116.60 0
116.65 0
116.70 0
116.75 0
116.80 0
116.85 0
116.90 0
116.95 0
117.00 0
117.05 0
117.10 0
117.15 0
117.20 0
117.25 0
117.30 0
117.35 0
117.40 0
117.45 0
117.50 0
117.55 0
117.60 0
117.65 0
117.70 0
117.75 0
117.80 0
117.85 0
117.90 0
117.95 0
118.00 0
118.05 0
118.10 0
118.15 0
118.20 0
118.25 0
118.30 0
118.35 0
118.40 0
118.45 0
118.50 0
118.55 0
118.60 0
118.65 0
118.70 0
118.75 0
118.80 0
118.85 0
118.90 0
118.95 0
119.00 0
119.05 0
119.10 0
119.15 0
119.20 0
119.25 0
119.30 0
119.35 0
119.40 0
119.45 0
119.50 0
119.55 0
119.60 0
119.65 0
119.70 0
119.75 0
119.80 0
119.85 0
119.90 0
119.95 0
120.00 0
120.05 0
120.10 0
120.15 0
120.20 0
120.25 0
120.30 0
120.35 0
120.40 0
120.45 0
120.50 0
120.55 0
120.60 0
120.65 0
120.70 0
120.75 0
120.80 0
120.85 0
120.90 0
120.95 0
121.00 0
121.05 0
121.10 0
121.15 0
121.20 0
121.25 0
121.30 0
121.35 0
121.40 0
121.45 0
121.50 0
121.55 0
121.60 0
121.65 0
121.70 0
121.75 0
121.80 0
121.85 0
121.90 0
121.95 0
122.00 0
122.05 0
122.10 0
122.15 0
122.20 0
122.25 0
122.30 0
122.35 0
122.40 0
122.45 0
122.50 0
122.55 0
122.60 0
122.65 0
122.70 0
122.75 0
122.80 0
122.85 0
122.90 0
122.95 0
123.00 0
123.05 0
123.10 0
123.15 0
123.20 0
123.25 0
123.30 0
123.35 0
123.40 0
123.45 0
123.50 0
123.55 0
123.60 0
123.65 0
123.70 0
123.75 0
123.80 0
123.85 0
123.90 0
123.95 0
124.00 0
124.05 0
124.10 0
124.15 0
124.20 0
124.25 0
124.30 0
124.35 0
124.40 0
124.45 0
124.50 0
124.55 0
124.60 0
124.65 0
124.70 0
124.75 0
124.80 0
124.85 0
124.90 0
124.95 0
125.00 0
125.05 0
125.10 0
125.15 0
125.20 0
125.25 0
125.30 0
125.35 0
125.40 0
125.45 0
125.50 0
125.55 0
125.60 0
125.65 0
125.70 0
125.75 0
125.80 0
125.85 0
125.90 0
125.95 0
126.00 0
126.05 0
126.10 0
126.15 0
126.20 0
126.25 0
126.30 0
126.35 0
126.40 0
126.45 0
126.50 0
126.55 0
126.60 0
126.65 0
126.70 0
126.75 0
126.80 0
126.85 0
126.90 0
126.95 0
127.00 0
127.05 0
127.10 0
127.15 0
127.20 0
127.25 0
127.30 0
127.35 0
127.40 0
127.45 0
127.50 0
127.55 0
127.60 0
127.65 0
127.70 0
127.75 0
127.80 0
127.85 0
127.90 0
127.95 0
128.00 0
128.05 0
128.10 0
128.15 0
128.20 0
128.25 0
128.30 0
128.35 0
128.40 0
128.45 0
128.50 0
128.55 0
128.60 0
128.65 0
128.70 0
128.75 0
128.80 0
128.85 0
128.90 0
128.95 0
129.00 0
129.05 0
129.10 0
129.15 0
129.20 0
129.25 0
129.30 0
129.35 0
129.40 0
129.45 0
129.50 0
129.55 0
129.60 0
129.65 0
129.70 0
129.75 0
129.80 0
129.85 0
129.90 0
129.95 0
130.00 0
130.05 0
130.10 0
130.15 0
130.20 0
130.25 0
130.30 0
130.35 0
130.40 0
130.45 0
130.50 0
130.55 0
130.60 0
130.65 0
130.70 0
130.75 0
130.80 0
130.85 0
130.90 0
130.95 0
131.00 0
131.05 0
131.10 0
131.15 0
131.20 0
131.25 0
131.30 0
131.35 0
131.40 0
131.45 0
131.50 0
131.55 0
131.60 0
131.65 0
131.70 0
131.75 0
131.80 0
131.85 0
131.90 0
131.95 0
132.00 0
132.05 0
132.10 0
132.15 0
132.20 0
132.25 0
132.30 0
132.35 0
132.40 0
132.45 0
132.50 0
132.55 0
132.60 0
132.65 0
132.70 0
132.75 0
132.80 0
132.85 0
132.90 0
132.95 0
133.00 0
133.05 0
133.10 0
133.15 0
133.20 0
133.25 0
133.30 0
133.35 0
133.40 0
133.45 0
133.50 0
133.55 0
133.60 0
133.65 0
133.70 0
133.75 0
133.80 0
133.85 0
133.90 0
133.95 0
134.00 0
134.05 0
134.10 0
134.15 0
134.20 0
134.25 0
134.30 0
134.35 0
134.40 0
134.45 0
134.50 0
134.55 0
134.60 0
134.65 0
134.70 0
134.75 0
134.80 0
134.85 0
134.90 0
134.95 0
135.00 0
135.05 0
135.10 0
135.15 0
135.20 0
135.25 0
135.30 0
135.35 0
135.40 0
135.45 0
135.50 0
135.55 0
135.60 0
135.65 0
135.70 0
135.75 0
135.80 0
135.85 0
135.90 0
135.95 0
136.00 0
136.05 0
136.10 0
136.15 0
136.20 0
136.25 0
136.30 0
136.35 0
136.40 0
136.45 0
136.50 0
136.55 0
136.60 0
136.65 0
136.70 0
136.75 0
136.80 0
136.85 0
136.90 0
136.95 0
137.00 0
137.05 0
137.10 0
137.15 0
137.20 0
137.25 0
137.30 0
137.35 0
137.40 0
137.45 0
137.50 0
137.55 0
137.60 0
137.65 0
137.70 0
137.75 0
137.80 0
137.85 0
137.90 0
137.95 0
138.00 0
138.05 0
138.10 0
138.15 0
138.20 0
138.25 0
138.30 0
138.35 0
138.40 0
138.45 0
138.50 0
138.55 0
138.60 0
138.65 0
138.70 0
138.75 0
138.80 0
138.85 0
138.90 0
138.95 0
139.00 0
139.05 0
139.10 0
139.15 0
139.20 0
139.25 0
139.30 0
139.35 0
139.40 0
139.45 0
139.50 0
139.55 0
139.60 0
139.65 0
139.70 0
139.75 0
139.80 0
139.85 0
139.90 0
139.95 0
140.00 0
140.05 0
140.10 0
140.15 0
140.20 0
140.25 0
140.30 0
140.35 0
140.40 0
140.45 0
140.50 0
140.55 0
140.60 0
140.65 0
140.70 0
140.75 0
140.80 0
140.85 0
140.90 0
140.95 0
141.00 0
141.05 0
141.10 0
141.15 0
141.20 0
141.25 0
141.30 0
141.35 0
141.40 0
141.45 0
141.50 0
141.55 0
141.60 0
141.65 0
141.70 0
141.75 0
141.80 0
141.85 0
141.90 0
141.95 0
142.00 0
142.05 0
142.10 0
142.15 0
142.20 0
142.25 0
142.30 0
142.35 0
142.40 0
142.45 0
142.50 0
142.55 0
142.60 0
142.65 0
142.70 0
142.75 0
142.80 0
142.85 0
142.90 0
142.95 0
143.00 0
143.05 0
143.10 0
143.15 0
143.20 0
143.25 0
143.30 0
143.35 0
143.40 0
143.45 0
143.50 0
143.55 0
143.60 0
143.65 0
143.70 0
143.75 0
143.80 0
143.85 0
143.90 0
143.95 0
144.00 0
144.05 0
144.10 0
144.15 0
144.20 0
144.25 0
144.30 0
144.35 0
144.40 0
144.45 0
144.50 0
144.55 0
144.60 0
144.65 0
144.70 0
144.75 0
144.80 0
144.85 0
144.90 0
144.95 0
145.00 0
145.05 0
145.10 0
145.15 0
145.20 0
145.25 0
145.30 0
145.35 0
145.40 0
145.45 0
145.50 0
145.55 0
145.60 0
145.65 0
145.70 0
145.75 0
145.80 0
145.85 0
145.90 0
145.95 0
146.00 0
146.05 0
146.10 0
146.15 0
146.20 0
146.25 0
146.30 0
146.35 0
146.40 0
146.45 0
146.50 0
146.55 0
146.60 0
146.65 0
146.70 0
146.75 0
146.80 0
146.85 0
146.90 0
146.95 0
147.00 0
147.05 0
147.10 0
147.15 0
147.20 0
147.25 0
147.30 0
147.35 0
147.40 0
147.45 0
147.50 0
147.55 0
147.60 0
147.65 0
147.70 0
147.75 0
147.80 0
147.85 0
147.90 0
147.95 0
148.00 0
148.05 0
148.10 0
148.15 0
148.20 0
148.25 0
148.30 0
148.35 0
148.40 0
148.45 0
148.50 0
148.55 0
148.60 0
148.65 0
148.70 0
148.75 0
148.80 0
148.85 0
148.90 0
148.95 0
149.00 0
149.05 0
149.10 0
149.15 0
149.20 0
149.25 0
149.30 0
149.35 0
149.40 0
149.45 0
149.50 0
149.55 0
149.60 0
149.65 0
149.70 0
149.75 0
149.80 0
149.85 0
149.90 0
149.95 0
150.00 0
150.05 0
150.10 0
150.15 0
150.20 0
150.25 0
150.30 0
150.35 0
150.40 0
150.45 0
150.50 0
150.55 0
150.60 0
150.65 0
150.70 0
150.75 0
150.80 0
150.85 0
150.90 0
150.95 0
151.00 0
151.05 0
151.10 0
151.15 0
151.20 0
151.25 0
151.30 0
151.35 0
151.40 0
151.45 0
151.50 0
151.55 0
151.60 0
151.65 0
151.70 0
151.75 0
151.80 0
151.85 0
151.90 0
151.95 0
152.00 0
152.05 0
152.10 0
152.15 0
152.20 0
152.25 0
152.30 0
152.35 0
152.40 0
152.45 0
152.50 0
152.55 0
152.60 0
152.65 0
152.70 0
152.75 0
152.80 0
152.85 0
152.90 0
152.95 0
153.00 0
153.05 0
153.10 0
153.15 0
153.20 0
153.25 0
153.30 0
153.35 0
153.40 0
153.45 0
153.50 0
153.55 0
153.60 0
153.65 0
153.70 0
153.75 0
153.80 0
153.85 0
153.90 0
153.95 0
154.00 0
154.05 0
154.10 0
154.15 0
154.20 0
154.25 0
154.30 0
154.35 0
154.40 0
154.45 0
154.50 0
154.55 0
154.60 0
154.65 0
154.70 0
154.75 0
154.80 0
154.85 0
154.90 0
154.95 0
155.00 0
155.05 0
155.10 0
155.15 0
155.20 0
155.25 0
155.30 0
155.35 0
155.40 0
155.45 0
155.50 0
155.55 0
155.60 0
155.65 0
155.70 0
155.75 0
155.80 0
155.85 0
155.90 0
155.95 0
156.00 0
156.05 0
156.10 0
156.15 0
156.20 0
156.25 0
156.30 0
156.35 0
156.40 0
156.45 0
156.50 0
156.55 0
156.60 0
156.65 0
156.70 0
156.75 0
156.80 0
156.85 0
156.90 0
156.95 0
157.00 0
157.05 0
157.10 0
157.15 0
157.20 0
157.25 0
157.30 0
157.35 0
157.40 0
157.45 0
157.50 0
157.55 0
157.60 0
157.65 0
157.70 0
157.75 0
157.80 0
157.85 0
157.90 0
157.95 0
158.00 0
158.05 0
158.10 0
158.15 0
158.20 0
158.25 0
158.30 0
158.35 0
158.40 0
158.45 0
158.50 0
158.55 0
158.60 0
158.65 0
158.70 0
158.75 0
158.80 0
158.85 0
158.90 0
158.95 0
159.00 0
159.05 0
159.10 0
159.15 0
159.20 0
159.25 0
159.30 0
159.35 0
159.40 0
159.45 0
159.50 0
159.55 0
159.60 0
159.65 0
159.70 0
159.75 0
159.80 0
159.85 0
159.90 0
159.95 0
160.00 0
160.05 0
160.10 0
160.15 0
160.20 0
160.25 0
160.30 0
160.35 0
160.40 0
160.45 0
160.50 0
160.55 0
160.60 0
160.65 0
160.70 0
160.75 0
160.80 0
160.85 0
160.90 0
160.95 0
161.00 0
161.05 0
161.10 0
161.15 0
161.20 0
161.25 0
161.30 0
161.35 0
161.40 0
161.45 0
161.50 0
161.55 0
161.60 0
161.65 0
161.70 0
161.75 0
161.80 0
161.85 0
161.90 0
161.95 0
162.00 0
162.05 0
162.10 0
162.15 0
162.20 0
162.25 0
162.30 0
162.35 0
162.40 0
162.45 0
162.50 0
162.55 0
162.60 0
162.65 0
162.70 0
162.75 0
162.80 0
162.85 0
162.90 0
162.95 0
163.00 0
163.05 0
163.10 0
163.15 0
163.20 0
163.25 0
163.30 0
163.35 0
163.40 0
163.45 0
163.50 0
163.55 0
163.60 0
163.65 0
163.70 0
163.75 0
163.80 0
163.85 0
163.90 0
163.95 0
164.00 0
164.05 0
164.10 0
164.15 0
164.20 0
164.25 0
164.30 0
164.35 0
164.40 0
164.45 0
164.50 0
164.55 0
164.60 0
164.65 0
164.70 0
164.75 0
164.80 0
164.85 0
164.90 0
164.95 0
165.00 0
165.05 0
165.10 0
165.15 0
165.20 0
165.25 0
165.30 0
165.35 0
165.40 0
165.45 0
165.50 0
165.55 0
165.60 0
165.65 0
165.70 0
165.75 0
165.80 0
165.85 0
165.90 0
165.95 0
166.00 0
166.05 0
166.10 0
166.15 0
166.20 0
166.25 0
166.30 0
166.35 0
166.40 0
166.45 0
166.50 0
166.55 0
166.60 0
166.65 0
166.70 0
166.75 0
166.80 0
166.85 0
166.90 0
166.95 0
167.00 0
167.05 0
167.10 0
167.15 0
167.20 0
167.25 0
167.30 0
167.35 0
167.40 0
167.45 0
167.50 0
167.55 0
167.60 0
167.65 0
167.70 0
167.75 0
167.80 0
167.85 0
167.90 0
167.95 0
168.00 0
168.05 0
168.10 0
168.15 0
168.20 0
168.25 0
168.30 0
168.35 0
168.40 0
168.45 0
168.50 0
168.55 0
168.60 0
168.65 0
168.70 0
168.75 0
168.80 0
168.85 0
168.90 0
168.95 0
169.00 0
169.05 0
169.10 0
169.15 0
169.20 0
169.25 0
169.30 0
169.35 0
169.40 0
169.45 0
169.50 0
169.55 0
169.60 0
169.65 0
169.70 0
169.75 0
169.80 0
169.85 0
169.90 0
169.95 0
170.00 0
170.05 0
170.10 0
170.15 0
170.20 0
170.25 0
170.30 0
170.35 0
170.40 0
170.45 0
170.50 0
170.55 0
170.60 0
170.65 0
170.70 0
170.75 0
170.80 0
170.85 0
170.90 0
170.95 0
171.00 0
171.05 0
171.10 0
171.15 0
171.20 0
171.25 0
171.30 0
171.35 0
171.40 0
171.45 0
171.50 0
171.55 0
171.60 0
171.65 0
171.70 0
171.75 0
171.80 0
171.85 0
171.90 0
171.95 0
172.00 0
172.05 0
172.10 0
172.15 0
172.20 0
172.25 0
172.30 0
172.35 0
172.40 0
172.45 0
172.50 0
172.55 0
172.60 0
172.65 0
172.70 0
172.75 0
172.80 0
172.85 0
172.90 0
172.95 0
173.00 0
173.05 0
173.10 0
173.15 0
173.20 0
173.25 0
173.30 0
173.35 0
173.40 0
173.45 0
173.50 0
173.55 0
173.60 0
173.65 0
173.70 0
173.75 0
173.80 0
173.85 0
173.90 0
173.95 0
174.00 0
174.05 0
174.10 0
174.15 0
174.20 0
174.25 0
174.30 0
174.35 0
174.40 0
174.45 0
174.50 0
174.55 0
174.60 0
174.65 0
174.70 0
174.75 0
174.80 0
174.85 0
174.90 0
174.95 0
175.00 0
175.05 0
175.10 0
175.15 0
175.20 0
175.25 0
175.30 0
175.35 0
175.40 0
175.45 0
175.50 0
175.55 0
175.60 0
175.65 0
175.70 0
175.75 0
175.80 0
175.85 0
175.90 0
175.95 0
176.00 0
176.05 0
176.10 0
176.15 0
176.20 0
176.25 0
176.30 0
176.35 0
176.40 0
176.45 0
176.50 0
176.55 0
176.60 0
176.65 0
176.70 0
176.75 0
176.80 0
176.85 0
176.90 0
176.95 0
177.00 0
177.05 0
177.10 0
177.15 0
177.20 0
177.25 0
177.30 0
177.35 0
177.40 0
177.45 0
177.50 0
177.55 0
177.60 0
177.65 0
177.70 0
177.75 0
177.80 0
177.85 0
177.90 0
177.95 0
178.00 0
178.05 0
178.10 0
178.15 0
178.20 0
178.25 0
178.30 0
178.35 0
178.40 0
178.45 0
178.50 0
178.55 0
178.60 0
178.65 0
178.70 0
178.75 0
178.80 0
178.85 0
178.90 0
178.95 0
179.00 0
179.05 0
179.10 0
179.15 0
179.20 0
179.25 0
179.30 0
179.35 0
179.40 0
179.45 0
179.50 0
179.55 0
179.60 0
179.65 0
179.70 0
179.75 0
179.80 0
179.85 0
179.90 0
179.95 0
180.00 0
180.05 0
180.10 0
180.15 0
180.20 0
180.25 0
180.30 0
180.35 0
180.40 0
180.45 0
180.50 0
180.55 0
180.60 0
180.65 0
180.70 0
180.75 0
180.80 0
180.85 0
180.90 0
180.95 0
181.00 0
181.05 0
181.10 0
181.15 0
181.20 0
181.25 0
181.30 0
181.35 0
181.40 0
181.45 0
181.50 0
181.55 0
181.60 0
181.65 0
181.70 0
181.75 0
181.80 0
181.85 0
181.90 0
181.95 0
182.00 0
182.05 0
182.10 0
182.15 0
182.20 0
182.25 0
182.30 0
182.35 0
182.40 0
182.45 0
182.50 0
182.55 0
182.60 0
182.65 0
182.70 0
182.75 0
182.80 0
182.85 0
182.90 0
182.95 0
183.00 0
183.05 0
183.10 0
183.15 0
183.20 0
183.25 0
183.30 0
183.35 0
183.40 0
183.45 0
183.50 0
183.55 0
183.60 0
183.65 0
183.70 0
183.75 0
183.80 0
183.85 0
183.90 0
183.95 0
184.00 0
184.05 0
184.10 0
184.15 0
184.20 0
184.25 0
184.30 0
184.35 0
184.40 0
184.45 0
184.50 0
184.55 0
184.60 0
184.65 0
184.70 0
184.75 0
184.80 0
184.85 0
184.90 0
184.95 0
185.00 0
185.05 0
185.10 0
185.15 0
185.20 0
185.25 0
185.30 0
185.35 0
185.40 0
185.45 0
185.50 0
185.55 0
185.60 0
185.65 0
185.70 0
185.75 0
185.80 0
185.85 0
185.90 0
185.95 0
186.00 0
186.05 0
186.10 0
186.15 0
186.20 0
186.25 0
186.30 0
186.35 0
186.40 0
186.45 0
186.50 0
186.55 0
186.60 0
186.65 0
186.70 0
186.75 0
186.80 0
186.85 0
186.90 0
186.95 0
187.00 0
187.05 0
187.10 0
187.15 0
187.20 0
187.25 0
187.30 0
187.35 0
187.40 0
187.45 0
187.50 0
187.55 0
187.60 0
187.65 0
187.70 0
187.75 0
187.80 0
187.85 0
187.90 0
187.95 0
188.00 0
188.05 0
188.10 0
188.15 0
188.20 0
188.25 0
188.30 0
188.35 0
188.40 0
188.45 0
188.50 0
188.55 0
188.60 0
188.65 0
188.70 0
188.75 0
188.80 0
188.85 0
188.90 0
188.95 0
189.00 0
189.05 0
189.10 0
189.15 0
189.20 0
189.25 0
189.30 0
189.35 0
189.40 0
189.45 0
189.50 0
189.55 0
189.60 0
189.65 0
189.70 0
189.75 0
189.80 0
189.85 0
189.90 0
189.95 0
190.00 0
190.05 0
190.10 0
190.15 0
190.20 0
190.25 0
190.30 0
190.35 0
190.40 0
190.45 0
190.50 0
190.55 0
190.60 0
190.65 0
190.70 0
190.75 0
190.80 0
190.85 0
190.90 0
190.95 0
191.00 0
191.05 0
191.10 0
191.15 0
191.20 0
191.25 0
191.30 0
191.35 0
191.40 0
191.45 0
191.50 0
191.55 0
191.60 0
191.65 0
191.70 0
191.75 0
191.80 0
191.85 0
191.90 0
191.95 0
192.00 0
192.05 0
192.10 0
192.15 0
192.20 0
192.25 0
192.30 0
192.35 0
192.40 0
192.45 0
192.50 0
192.55 0
192.60 0
192.65 0
192.70 0
192.75 0
192.80 0
192.85 0
192.90 0
192.95 0
193.00 0
193.05 0
193.10 0
193.15 0
193.20 0
193.25 0
193.30 0
193.35 0
193.40 0
193.45 0
193.50 0
193.55 0
193.60 0
193.65 0
193.70 0
193.75 0
193.80 0
193.85 0
193.90 0
193.95 0
194.00 0
194.05 0
194.10 0
194.15 0
194.20 0
194.25 0
194.30 0
194.35 0
194.40 0
194.45 0
194.50 0
194.55 0
194.60 0
194.65 0
194.70 0
194.75 0
194.80 0
194.85 0
194.90 0
194.95 0
195.00 0
195.05 0
195.10 0
195.15 0
195.20 0
195.25 0
195.30 0
195.35 0
195.40 0
195.45 0
195.50 0
195.55 0
195.60 0
195.65 0
195.70 0
195.75 0
195.80 0
195.85 0
195.90 0
195.95 0
196.00 0
196.05 0
196.10 0
196.15 0
196.20 0
196.25 0
196.30 0
196.35 0
196.40 0
196.45 0
196.50 0
196.55 0
196.60 0
196.65 0
196.70 0
196.75 0
196.80 0
196.85 0
196.90 0
196.95 0
197.00 0
197.05 0
197.10 0
197.15 0
197.20 0
197.25 0
197.30 0
197.35 0
197.40 0
197.45 0
197.50 0
197.55 0
197.60 0
197.65 0
197.70 0
197.75 0
197.80 0
197.85 0
197.90 0
197.95 0
198.00 0
198.05 0
198.10 0
198.15 0
198.20 0
198.25 0
198.30 0
198.35 0
198.40 0
198.45 0
198.50 0
198.55 0
198.60 0
198.65 0
198.70 0
198.75 0
198.80 0
198.85 0
198.90 0
198.95 0
199.00 0
199.05 0
199.10 0
199.15 0
199.20 0
199.25 0
199.30 0
199.35 0
199.40 0
199.45 0
199.50 0
199.55 0
199.60 0
199.65 0
199.70 0
199.75 0
199.80 0
199.85 0
199.90 0
199.95 0
200.00 0
200.05 0
200.10 0
200.15 0
200.20 0
200.25 0
200.30 0
200.35 0
200.40 0
200.45 0
200.50 0
200.55 0
200.60 0
200.65 0
200.70 0
200.75 0
200.80 0
200.85 0
200.90 0
200.95 0
201.00 0
201.05 0
201.10 0
201.15 0
201.20 0
201.25 0
201.30 0
201.35 0
201.40 0
201.45 0
201.50 0
201.55 0
201.60 0
201.65 0
201.70 0
201.75 0
201.80 0
201.85 0
201.90 0
201.95 0
202.00 0
202.05 0
202.10 0
202.15 0
202.20 0
202.25 0
202.30 0
202.35 0
202.40 0
202.45 0
202.50 0
202.55 0
202.60 0
202.65 0
202.70 0
202.75 0
202.80 0
202.85 0
202.90 0
202.95 0
203.00 0
203.05 0
203.10 0
203.15 0
203.20 0
203.25 0
203.30 0
203.35 0
203.40 0
203.45 0
203.50 0
203.55 0
203.60 0
203.65 0
203.70 0
203.75 0
203.80 0
203.85 0
203.90 0
203.95 0
204.00 0
204.05 0
204.10 0
204.15 0
204.20 0
204.25 0
204.30 0
204.35 0
204.40 0
204.45 0
204.50 0
204.55 0
204.60 0
204.65 0
204.70 0
204.75 0
204.80 0
204.85 0
204.90 0
204.95 0
205.00 0
205.05 0
205.10 0
205.15 0
205.20 0
205.25 0
205.30 0
205.35 0
205.40 0
205.45 0
205.50 0
205.55 0
205.60 0
205.65 0
205.70 0
205.75 0
205.80 0
205.85 0
205.90 0
205.95 0
206.00 0
206.05 0
206.10 0
206.15 0
206.20 0
206.25 0
206.30 0
206.35 0
206.40 0
206.45 0
206.50 0
206.55 0
206.60 0
206.65 0
206.70 0
206.75 0
206.80 0
206.85 0
206.90 0
206.95 0
207.00 0
207.05 0
207.10 0
207.15 0
207.20 0
207.25 0
207.30 0
207.35 0
207.40 0
207.45 0
207.50 0
207.55 0
207.60 0
207.65 0
207.70 0
207.75 0
207.80 0
207.85 0
207.90 0
207.95 0
208.00 0
208.05 0
208.10 0
208.15 0
208.20 0
208.25 0
208.30 0
208.35 0
208.40 0
208.45 0
208.50 0
208.55 0
208.60 0
208.65 0
208.70 0
208.75 0
208.80 0
208.85 0
208.90 0
208.95 0
209.00 0
209.05 0
209.10 0
209.15 0
209.20 0
209.25 0
209.30 0
209.35 0
209.40 0
209.45 0
209.50 0
209.55 0
209.60 0
209.65 0
209.70 0
209.75 0
209.80 0
209.85 0
209.90 0
209.95 0
210.00 0
210.05 0
210.10 0
210.15 0
210.20 0
210.25 0
210.30 0
210.35 0
210.40 0
210.45 0
210.50 0
210.55 0
210.60 0
210.65 0
210.70 0
210.75 0
210.80 0
210.85 0
210.90 0
210.95 0
211.00 0
211.05 0
211.10 0
211.15 0
211.20 0
211.25 0
211.30 0
211.35 0
211.40 0
211.45 0
211.50 0
211.55 0
211.60 0
211.65 0
211.70 0
211.75 0
211.80 0
211.85 0
211.90 0
211.95 0
212.00 0
212.05 0
212.10 0
212.15 0
212.20 0
212.25 0
212.30 0
212.35 0
212.40 0
212.45 0
212.50 0
212.55 0
212.60 0
212.65 0
212.70 0
212.75 0
212.80 0
212.85 0
212.90 0
212.95 0
213.00 0
213.05 0
213.10 0
213.15 0
213.20 0
213.25 0
213.30 0
213.35 0
213.40 0
213.45 0
213.50 0
213.55 0
213.60 0
213.65 0
213.70 0
213.75 0
213.80 0
213.85 0
213.90 0
213.95 0
214.00 0
214.05 0
214.10 0
214.15 0
214.20 0
214.25 0
214.30 0
214.35 0
214.40 0
214.45 0
214.50 0
214.55 0
214.60 0
214.65 0
214.70 0
214.75 0
214.80 0
214.85 0
214.90 0
214.95 0
215.00 0
215.05 0
215.10 0
215.15 0
215.20 0
215.25 0
215.30 0
215.35 0
215.40 0
215.45 0
215.50 0
215.55 0
215.60 0
215.65 0
215.70 0
215.75 0
215.80 0
215.85 0
215.90 0
215.95 0
216.00 0
216.05 0
216.10 0
216.15 0
216.20 0
216.25 0
216.30 0
216.35 0
216.40 0
216.45 0
216.50 0
216.55 0
216.60 0
216.65 0
216.70 0
216.75 0
216.80 0
216.85 0
216.90 0
216.95 0
217.00 0
217.05 0
217.10 0
217.15 0
217.20 0
217.25 0
217.30 0
217.35 0
217.40 0
217.45 0
217.50 0
217.55 0
217.60 0
217.65 0
217.70 0
217.75 0
217.80 0
217.85 0
217.90 0
217.95 0
218.00 0
218.05 0
218.10 0
218.15 0
218.20 0
218.25 0
218.30 0
218.35 0
218.40 0
218.45 0
218.50 0
218.55 0
218.60 0
218.65 0
218.70 0
218.75 0
218.80 0
218.85 0
218.90 0
218.95 0
219.00 0
219.05 0
219.10 0
219.15 0
219.20 0
219.25 0
219.30 0
219.35 0
219.40 0
219.45 0
219.50 0
219.55 0
219.60 0
219.65 0
219.70 0
219.75 0
219.80 0
219.85 0
219.90 0
219.95 0
220.00 0
220.05 0
220.10 0
220.15 0
220.20 0
220.25 0
220.30 0
220.35 0
220.40 0
220.45 0
220.50 0
220.55 0
220.60 0
220.65 0
220.70 0
220.75 0
220.80 0
220.85 0
220.90 0
220.95 0
221.00 0
221.05 0
221.10 0
221.15 0
221.20 0
221.25 0
221.30 0
221.35 0
221.40 0
221.45 0
221.50 0
221.55 0
221.60 0
221.65 0
221.70 0
221.75 0
221.80 0
221.85 0
221.90 0
221.95 0
222.00 0
222.05 0
222.10 0
222.15 0
222.20 0
222.25 0
222.30 0
222.35 0
222.40 0
222.45 0
222.50 0
222.55 0
222.60 0
222.65 0
222.70 0
222.75 0
222.80 0
222.85 0
222.90 0
222.95 0
223.00 0
223.05 0
223.10 0
223.15 0
223.20 0
223.25 0
223.30 0
223.35 0
223.40 0
223.45 0
223.50 0
223.55 0
223.60 0
223.65 0
223.70 0
223.75 0
223.80 0
223.85 0
223.90 0
223.95 0
224.00 0
224.05 0
224.10 0
224.15 0
224.20 0
224.25 0
224.30 0
224.35 0
224.40 0
224.45 0
224.50 0
224.55 0
224.60 0
224.65 0
224.70 0
224.75 0
224.80 0
224.85 0
224.90 0
224.95 0
225.00 0
225.05 0
225.10 0
225.15 0
225.20 0
225.25 0
225.30 0
225.35 0
225.40 0
225.45 0
225.50 0
225.55 0
225.60 0
225.65 0
225.70 0
225.75 0
225.80 0
225.85 0
225.90 0
225.95 0
226.00 0
226.05 0
226.10 0
226.15 0
226.20 0
226.25 0
226.30 0
226.35 0
226.40 0
226.45 0
226.50 0
226.55 0
226.60 0
226.65 0
226.70 0
226.75 0
226.80 0
226.85 0
226.90 0
226.95 0
227.00 0
227.05 0
227.10 0
227.15 0
227.20 0
227.25 0
227.30 0
227.35 0
227.40 0
227.45 0
227.50 0
227.55 0
227.60 0
227.65 0
227.70 0
227.75 0
227.80 0
227.85 0
227.90 0
227.95 0
228.00 0
228.05 0
228.10 0
228.15 0
228.20 0
228.25 0
228.30 0
228.35 0
228.40 0
228.45 0
228.50 0
228.55 0
228.60 0
228.65 0
228.70 0
228.75 0
228.80 0
228.85 0
228.90 0
228.95 0
229.00 0
229.05 0
229.10 0
229.15 0
229.20 0
229.25 0
229.30 0
229.35 0
229.40 0
229.45 0
229.50 0
229.55 0
229.60 0
229.65 0
229.70 0
229.75 0
229.80 0
229.85 0
229.90 0
229.95 0
230.00 0
230.05 0
230.10 0
230.15 0
230.20 0
230.25 0
230.30 0
230.35 0
230.40 0
230.45 0
230.50 0
230.55 0
230.60 0
230.65 0
230.70 0
230.75 0
230.80 0
230.85 0
230.90 0
230.95 0
231.00 0
231.05 0
231.10 0
231.15 0
231.20 0
231.25 0
231.30 0
231.35 0
231.40 0
231.45 0
231.50 0
231.55 0
231.60 0
231.65 0
231.70 0
231.75 0
231.80 0
231.85 0
231.90 0
231.95 0
232.00 0
232.05 0
232.10 0
232.15 0
232.20 0
232.25 0
232.30 0
232.35 0
232.40 0
232.45 0
232.50 0
232.55 0
232.60 0
232.65 0
232.70 0
232.75 0
232.80 0
232.85 0
232.90 0
232.95 0
233.00 0
233.05 0
233.10 0
233.15 0
233.20 0
233.25 0
233.30 0
233.35 0
233.40 0
233.45 0
233.50 0
233.55 0
233.60 0
233.65 0
233.70 0
233.75 0
233.80 0
233.85 0
233.90 0
233.95 0
234.00 0
234.05 0
234.10 0
234.15 0
234.20 0
234.25 0
234.30 0
234.35 0
234.40 0
234.45 0
234.50 0
234.55 0
234.60 0
234.65 0
234.70 0
234.75 0
234.80 0
234.85 0
234.90 0
234.95 0
235.00 0
235.05 0
235.10 0
235.15 0
235.20 0
235.25 0
235.30 0
235.35 0
235.40 0
235.45 0
235.50 0
235.55 0
235.60 0
235.65 0
235.70 0
235.75 0
235.80 0
235.85 0
235.90 0
235.95 0
236.00 0
236.05 0
236.10 0
236.15 0
236.20 0
236.25 0
236.30 0
236.35 0
236.40 0
236.45 0
236.50 0
236.55 0
236.60 0
236.65 0
236.70 0
236.75 0
236.80 0
236.85 0
236.90 0
236.95 0
237.00 0
237.05 0
237.10 0
237.15 0
237.20 0
237.25 0
237.30 0
237.35 0
237.40 0
237.45 0
237.50 0
237.55 0
237.60 0
237.65 0
237.70 0
237.75 0
237.80 0
237.85 0
237.90 0
237.95 0
238.00 0
238.05 0
238.10 0
238.15 0
238.20 0
238.25 0
238.30 0
238.35 0
238.40 0
238.45 0
238.50 0
238.55 0
238.60 0
238.65 0
238.70 0
238.75 0
238.80 0
238.85 0
238.90 0
238.95 0
239.00 0
239.05 0
239.10 0
239.15 0
239.20 0
239.25 0
239.30 0
239.35 0
239.40 0
239.45 0
239.50 0
239.55 0
239.60 0
239.65 0
239.70 0
239.75 0
239.80 0
239.85 0
239.90 0
239.95 0
240.00 0
240.05 0
240.10 0
240.15 0
240.20 0
240.25 0
240.30 0
240.35 0
240.40 0
240.45 0
240.50 0
240.55 0
240.60 0
240.65 0
240.70 0
240.75 0
240.80 0
240.85 0
240.90 0
240.95 0
241.00 0
241.05 0
241.10 0
241.15 0
241.20 0
241.25 0
241.30 0
241.35 0
241.40 0
241.45 0
241.50 0
241.55 0
241.60 0
241.65 0
241.70 0
241.75 0
241.80 0
241.85 0
241.90 0
241.95 0
242.00 0
242.05 0
242.10 0
242.15 0
242.20 0
242.25 0
242.30 0
242.35 0
242.40 0
242.45 0
242.50 0
242.55 0
242.60 0
242.65 0
242.70 0
242.75 0
242.80 0
242.85 0
242.90 0
242.95 0
243.00 0
243.05 0
243.10 0
243.15 0
243.20 0
243.25 0
243.30 0
243.35 0
243.40 0
243.45 0
243.50 0
243.55 0
243.60 0
243.65 0
243.70 0
243.75 0
243.80 0
243.85 0
243.90 0
243.95 0
244.00 0
244.05 0
244.10 0
244.15 0
244.20 0
244.25 0
244.30 0
244.35 0
244.40 0
244.45 0
244.50 0
244.55 0
244.60 0
244.65 0
244.70 0
244.75 0
244.80 0
244.85 0
244.90 0
244.95 0
245.00 0
245.05 0
245.10 0
245.15 0
245.20 0
245.25 0
245.30 0
245.35 0
245.40 0
245.45 0
245.50 0
245.55 0
245.60 0
245.65 0
245.70 0
245.75 0
245.80 0
245.85 0
245.90 0
245.95 0
246.00 0
246.05 0
246.10 0
246.15 0
246.20 0
246.25 0
246.30 0
246.35 0
246.40 0
246.45 0
246.50 0
246.55 0
246.60 0
246.65 0
246.70 0
246.75 0
246.80 0
246.85 0
246.90 0
246.95 0
247.00 0
247.05 0
247.10 0
247.15 0
247.20 0
247.25 0
247.30 0
247.35 0
247.40 0
247.45 0
247.50 0
247.55 0
247.60 0
247.65 0
247.70 0
247.75 0
247.80 0
247.85 0
247.90 0
247.95 0
248.00 0
248.05 0
248.10 0
248.15 0
248.20 0
248.25 0
248.30 0
248.35 0
248.40 0
248.45 0
248.50 0
248.55 0
248.60 0
248.65 0
248.70 0
248.75 0
248.80 0
248.85 0
248.90 0
248.95 0
249.00 0
249.05 0
249.10 0
249.15 0
249.20 0
249.25 0
249.30 0
249.35 0
249.40 0
249.45 0
249.50 0
249.55 0
249.60 0
249.65 0
249.70 0
249.75 0
249.80 0
249.85 0
249.90 0
249.95 0
250.00 0
250.05 0
250.10 0
250.15 0
250.20 0
250.25 0
250.30 0
250.35 0
250.40 0
250.45 0
250.50 0
250.55 0
250.60 0
250.65 0
250.70 0
250.75 0
250.80 0
250.85 0
250.90 0
250.95 0
251.00 0
251.05 0
251.10 0
251.15 0
251.20 0
251.25 0
251.30 0
251.35 0
251.40 0
251.45 0
251.50 0
251.55 0
251.60 0
251.65 0
251.70 0
251.75 0
251.80 0
251.85 0
251.90 0
251.95 0
252.00 0
252.05 0
252.10 0
252.15 0
252.20 0
252.25 0
252.30 0
252.35 0
252.40 0
252.45 0
252.50 0
252.55 0
252.60 0
252.65 0
252.70 0
252.75 0
252.80 0
252.85 0
252.90 0
252.95 0
253.00 0
253.05 0
253.10 0
253.15 0
253.20 0
253.25 0
253.30 0
253.35 0
253.40 0
253.45 0
253.50 0
253.55 0
253.60 0
253.65 0
253.70 0
253.75 0
253.80 0
253.85 0
253.90 0
253.95 0
254.00 0
254.05 0
254.10 0
254.15 0
254.20 0
254.25 0
254.30 0
254.35 0
254.40 0
254.45 0
254.50 0
254.55 0
254.60 0
254.65 0
254.70 0
254.75 0
254.80 0
254.85 0
254.90 0
254.95 0
255.00 0
255.05 0
255.10 0
255.15 0
255.20 0
255.25 0
255.30 0
255.35 0
255.40 0
255.45 0
255.50 0
255.55 0
255.60 0
255.65 0
255.70 0
255.75 0
255.80 0
255.85 0
255.90 0
255.95 0
256.00 0
256.05 0
256.10 0
256.15 0
256.20 0
256.25 0
256.30 0
256.35 0
256.40 0
256.45 0
256.50 0
256.55 0
256.60 0
256.65 0
256.70 0
256.75 0
256.80 0
256.85 0
256.90 0
256.95 0
257.00 0
257.05 0
257.10 0
257.15 0
257.20 0
257.25 0
257.30 0
257.35 0
257.40 0
257.45 0
257.50 0
257.55 0
257.60 0
257.65 0
257.70 0
257.75 0
257.80 0
257.85 0
257.90 0
257.95 0
258.00 0
258.05 0
258.10 0
258.15 0
258.20 0
258.25 0
258.30 0
258.35 0
258.40 0
258.45 0
258.50 0
258.55 0
258.60 0
258.65 0
258.70 0
258.75 0
258.80 0
258.85 0
258.90 0
258.95 0
259.00 0
259.05 0
259.10 0
259.15 0
259.20 0
259.25 0
259.30 0
259.35 0
259.40 0
259.45 0
259.50 0
259.55 0
259.60 0
259.65 0
259.70 0
259.75 0
259.80 0
259.85 0
259.90 0
259.95 0
260.00 0
260.05 0
260.10 0
260.15 0
260.20 0
260.25 0
260.30 0
260.35 0
260.40 0
260.45 0
260.50 0
260.55 0
260.60 0
260.65 0
260.70 0
260.75 0
260.80 0
260.85 0
260.90 0
260.95 0
261.00 0
261.05 0
261.10 0
261.15 0
261.20 0
261.25 0
261.30 0
261.35 0
261.40 0
261.45 0
261.50 0
261.55 0
261.60 0
261.65 0
261.70 0
261.75 0
261.80 0
261.85 0
261.90 0
261.95 0
262.00 0
262.05 0
262.10 0
262.15 0
262.20 0
262.25 0
262.30 0
262.35 0
262.40 0
262.45 0
262.50 0
262.55 0
262.60 0
262.65 0
262.70 0
262.75 0
262.80 0
262.85 0
262.90 0
262.95 0
263.00 0
263.05 0
263.10 0
263.15 0
263.20 0
263.25 0
263.30 0
263.35 0
263.40 0
263.45 0
263.50 0
263.55 0
263.60 0
263.65 0
263.70 0
263.75 0
263.80 0
263.85 0
263.90 0
263.95 0
264.00 0
264.05 0
264.10 0
264.15 0
264.20 0
264.25 0
264.30 0
264.35 0
264.40 0
264.45 0
264.50 0
264.55 0
264.60 0
264.65 0
264.70 0
264.75 0
264.80 0
264.85 0
264.90 0
264.95 0
265.00 0
265.05 0
265.10 0
265.15 0
265.20 0
265.25 0
265.30 0
265.35 0
265.40 0
265.45 0
265.50 0
265.55 0
265.60 0
265.65 0
265.70 0
265.75 0
265.80 0
265.85 0
265.90 0
265.95 0
266.00 0
266.05 0
266.10 0
266.15 0
266.20 0
266.25 0
266.30 0
266.35 0
266.40 0
266.45 0
266.50 0
266.55 0
266.60 0
266.65 0
266.70 0
266.75 0
266.80 0
266.85 0
266.90 0
266.95 0
267.00 0
267.05 0
267.10 0
267.15 0
267.20 0
267.25 0
267.30 0
267.35 0
267.40 0
267.45 0
267.50 0
267.55 0
267.60 0
267.65 0
267.70 0
267.75 0
267.80 0
267.85 0
267.90 0
267.95 0
268.00 0
268.05 0
268.10 0
268.15 0
268.20 0
268.25 0
268.30 0
268.35 0
268.40 0
268.45 0
268.50 0
268.55 0
268.60 0
268.65 0
268.70 0
268.75 0
268.80 0
268.85 0
268.90 0
268.95 0
269.00 0
269.05 0
269.10 0
269.15 0
269.20 0
269.25 0
269.30 0
269.35 0
269.40 0
269.45 0
269.50 0
269.55 0
269.60 0
269.65 0
269.70 0
269.75 0
269.80 0
269.85 0
269.90 0
269.95 0
270.00 0
270.05 0
270.10 0
270.15 0
270.20 0
270.25 0
270.30 0
270.35 0
270.40 0
270.45 0
270.50 0
270.55 0
270.60 0
270.65 0
270.70 0
270.75 0
270.80 0
270.85 0
270.90 0
270.95 0
271.00 0
271.05 0
271.10 0
271.15 0
271.20 0
271.25 0
271.30 0
271.35 0
271.40 0
271.45 0
271.50 0
271.55 0
271.60 0
271.65 0
271.70 0
271.75 0
271.80 0
271.85 0
271.90 0
271.95 0
272.00 0
272.05 0
272.10 0
272.15 0
272.20 0
272.25 0
272.30 0
272.35 0
272.40 0
272.45 0
272.50 0
272.55 0
272.60 0
272.65 0
272.70 0
272.75 0
272.80 0
272.85 0
272.90 0
272.95 0
273.00 0
273.05 0
273.10 0
273.15 0
273.20 0
273.25 0
273.30 0
273.35 0
273.40 0
273.45 0
273.50 0
273.55 0
273.60 0
273.65 0
273.70 0
273.75 0
273.80 0
273.85 0
273.90 0
273.95 0
274.00 0
274.05 0
274.10 0
274.15 0
274.20 0
274.25 0
274.30 0
274.35 0
274.40 0
274.45 0
274.50 0
274.55 0
274.60 0
274.65 0
274.70 0
274.75 0
274.80 0
274.85 0
274.90 0
274.95 0
275.00 0
275.05 0
275.10 0
275.15 0
275.20 0
275.25 0
275.30 0
275.35 0
275.40 0
275.45 0
275.50 0
275.55 0
275.60 0
275.65 0
275.70 0
275.75 0
275.80 0
275.85 0
275.90 0
275.95 0
276.00 0
276.05 0
276.10 0
276.15 0
276.20 0
276.25 0
276.30 0
276.35 0
276.40 0
276.45 0
276.50 0
276.55 0
276.60 0
276.65 0
276.70 0
276.75 0
276.80 0
276.85 0
276.90 0
276.95 0
277.00 0
277.05 0
277.10 0
277.15 0
277.20 0
277.25 0
277.30 0
277.35 0
277.40 0
277.45 0
277.50 0
277.55 0
277.60 0
277.65 0
277.70 0
277.75 0
277.80 0
277.85 0
277.90 0
277.95 0
278.00 0
278.05 0
278.10 0
278.15 0
278.20 0
278.25 0
278.30 0
278.35 0
278.40 0
278.45 0
278.50 0
278.55 0
278.60 0
278.65 0
278.70 0
278.75 0
278.80 0
278.85 0
278.90 0
278.95 0
279.00 0
279.05 0
279.10 0
279.15 0
279.20 0
279.25 0
279.30 0
279.35 0
279.40 0
279.45 0
279.50 0
279.55 0
279.60 0
279.65 0
279.70 0
279.75 0
279.80 0
279.85 0
279.90 0
279.95 0
280.00 0
280.05 0
280.10 0
280.15 0
280.20 0
280.25 0
280.30 0
280.35 0
280.40 0
280.45 0
280.50 0
280.55 0
280.60 0
280.65 0
280.70 0
280.75 0
280.80 0
280.85 0
280.90 0
280.95 0
281.00 0
281.05 0
281.10 0
281.15 0
281.20 0
281.25 0
281.30 0
281.35 0
281.40 0
281.45 0
281.50 0
281.55 0
281.60 0
281.65 0
281.70 0
281.75 0
281.80 0
281.85 0
281.90 0
281.95 0
282.00 0
282.05 0
282.10 0
282.15 0
282.20 0
282.25 0
282.30 0
282.35 0
282.40 0
282.45 0
282.50 0
282.55 0
282.60 0
282.65 0
282.70 0
282.75 0
282.80 0
282.85 0
282.90 0
282.95 0
283.00 0
283.05 0
283.10 0
283.15 0
283.20 0
283.25 0
283.30 0
283.35 0
283.40 0
283.45 0
283.50 0
283.55 0
283.60 0
283.65 0
283.70 0
283.75 0
283.80 0
283.85 0
283.90 0
283.95 0
284.00 0
284.05 0
284.10 0
284.15 0
284.20 0
284.25 0
284.30 0
284.35 0
284.40 0
284.45 0
284.50 0
284.55 0
284.60 0
284.65 0
284.70 0
284.75 0
284.80 0
284.85 0
284.90 0
284.95 0
285.00 0
285.05 0
285.10 0
285.15 0
285.20 0
285.25 0
285.30 0
285.35 0
285.40 0
285.45 0
285.50 0
285.55 0
285.60 0
285.65 0
285.70 0
285.75 0
285.80 0
285.85 0
285.90 0
285.95 0
286.00 0
286.05 0
286.10 0
286.15 0
286.20 0
286.25 0
286.30 0
286.35 0
286.40 0
286.45 0
286.50 0
286.55 0
286.60 0
286.65 0
286.70 0
286.75 0
286.80 0
286.85 0
286.90 0
286.95 0
287.00 0
287.05 0
287.10 0
287.15 0
287.20 0
287.25 0
287.30 0
287.35 0
287.40 0
287.45 0
287.50 0
287.55 0
287.60 0
287.65 0
287.70 0
287.75 0
287.80 0
287.85 0
287.90 0
287.95 0
288.00 0
288.05 0
288.10 0
288.15 0
288.20 0
288.25 0
288.30 0
288.35 0
288.40 0
288.45 0
288.50 0
288.55 0
288.60 0
288.65 0
288.70 0
288.75 0
288.80 0
288.85 0
288.90 0
288.95 0
289.00 0
289.05 0
289.10 0
289.15 0
289.20 0
289.25 0
289.30 0
289.35 0
289.40 0
289.45 0
289.50 0
289.55 0
289.60 0
289.65 0
289.70 0
289.75 0
289.80 0
289.85 0
289.90 0
289.95 0
290.00 0
290.05 0
290.10 0
290.15 0
290.20 0
290.25 0
290.30 0
290.35 0
290.40 0
290.45 0
290.50 0
290.55 0
290.60 0
290.65 0
290.70 0
290.75 0
290.80 0
290.85 0
290.90 0
290.95 0
291.00 0
291.05 0
291.10 0
291.15 0
291.20 0
291.25 0
291.30 0
291.35 0
291.40 0
291.45 0
291.50 0
291.55 0
291.60 0
291.65 0
291.70 0
291.75 0
291.80 0
291.85 0
291.90 0
291.95 0
292.00 0
292.05 0
292.10 0
292.15 0
292.20 0
292.25 0
292.30 0
292.35 0
292.40 0
292.45 0
292.50 0
292.55 0
292.60 0
292.65 0
292.70 0
292.75 0
292.80 0
292.85 0
292.90 0
292.95 0
293.00 0
293.05 0
293.10 0
293.15 0
293.20 0
293.25 0
293.30 0
293.35 0
293.40 0
293.45 0
293.50 0
293.55 0
293.60 0
293.65 0
293.70 0
293.75 0
293.80 0
293.85 0
293.90 0
293.95 0
294.00 0
294.05 0
294.10 0
294.15 0
294.20 0
294.25 0
294.30 0
294.35 0
294.40 0
294.45 0
294.50 0
294.55 0
294.60 0
294.65 0
294.70 0
294.75 0
294.80 0
294.85 0
294.90 0
294.95 0
295.00 0
295.05 0
295.10 0
295.15 0
295.20 0
295.25 0
295.30 0
295.35 0
295.40 0
295.45 0
295.50 0
295.55 0
295.60 0
295.65 0
295.70 0
295.75 0
295.80 0
295.85 0
295.90 0
295.95 0
296.00 0
296.05 0
296.10 0
296.15 0
296.20 0
296.25 0
296.30 0
296.35 0
296.40 0
296.45 0
296.50 0
296.55 0
296.60 0
296.65 0
296.70 0
296.75 0
296.80 0
296.85 0
296.90 0
296.95 0
297.00 0
297.05 0
297.10 0
297.15 0
297.20 0
297.25 0
297.30 0
297.35 0
297.40 0
297.45 0
297.50 0
297.55 0
297.60 0
297.65 0
297.70 0
297.75 0
297.80 0
297.85 0
297.90 0
297.95 0
298.00 0
298.05 0
298.10 0
298.15 0
298.20 0
298.25 0
298.30 0
298.35 0
298.40 0
298.45 0
298.50 0
298.55 0
298.60 0
298.65 0
298.70 0
298.75 0
298.80 0
298.85 0
298.90 0
298.95 0
299.00 0
299.05 0
299.10 0
299.15 0
299.20 0
299.25 0
299.30 0
299.35 0
299.40 0
299.45 0
299.50 0
299.55 0
299.60 0
299.65 0
299.70 0
299.75 0
299.80 0
299.85 0
299.90 0
299.95 0
300.00 6.408e-13
300.05 8.3304e-12
300.10 3.6846e-11
300.15 9.32364e-11
300.20 1.89356e-10
300.25 2.99254e-10
300.30 2.85156e-10
300.35 3.31934e-10
300.40 8.23428e-11
300.45 8.77896e-11
300.50 8.01e-12
300.55 4.06908e-11
300.60 1.11499e-10
300.65 2.14668e-10
300.70 3.24886e-10
300.75 3.66217e-10
300.80 4.4824e-10
300.85 4.7291e-10
300.90 6.91744e-10
300.95 6.50092e-10
301.00 6.57461e-10
301.05 5.18728e-10
301.10 4.62337e-10
301.15 4.07549e-10
301.20 3.87364e-10
301.25 4.1684e-10
301.30 4.04345e-10
301.35 3.58528e-10
301.40 3.47634e-10
301.45 5.72875e-10
301.50 7.4493e-10
301.55 7.46532e-10
301.60 8.26952e-10
301.65 5.50447e-10
301.70 3.79674e-10
301.75 2.22678e-10
301.80 3.46032e-10
301.85 3.6846e-10
301.90 3.47314e-10
301.95 1.91599e-10
302.00 1.18228e-10
302.05 0
302.10 0
302.15 0
302.20 0
302.25 0
302.30 0
302.35 0
302.40 0
302.45 0
302.50 0
302.55 0
302.60 0
302.65 0
302.70 0
302.75 0
302.80 0
302.85 0
302.90 0
302.95 0
303.00 0
303.05 0
303.10 0
303.15 0
303.20 0
303.25 0
303.30 0
303.35 0
303.40 0
303.45 0
303.50 0
303.55 0
303.60 0
303.65 0
303.70 0
303.75 0
303.80 0
303.85 0
303.90 0
303.95 0
304.00 0
304.05 0
304.10 0
304.15 0
304.20 0
304.25 0
304.30 0
304.35 0
304.40 0
304.45 0
304.50 0
304.55 0
304.60 0
304.65 0
304.70 0
304.75 0
304.80 0
304.85 0
304.90 0
304.95 0
305.00 0
305.05 0
305.10 0
305.15 0
305.20 0
305.25 0
305.30 0
305.35 0
305.40 0
305.45 0
305.50 0
305.55 0
305.60 0
305.65 0
305.70 0
305.75 0
305.80 0
305.85 0
305.90 0
305.95 0
306.00 0
306.05 0
306.10 0
306.15 0
306.20 0
306.25 0
306.30 0
306.35 0
306.40 0
306.45 0
306.50 0
306.55 0
306.60 0
306.65 0
306.70 0
306.75 0
306.80 0
306.85 0
306.90 0
306.95 0
307.00 0
307.05 0
307.10 0
307.15 0
307.20 0
307.25 0
307.30 0
307.35 0
307.40 0
307.45 0
307.50 0
307.55 0
307.60 0
307.65 0
307.70 0
307.75 0
307.80 0
307.85 0
307.90 0
307.95 0
308.00 0
308.05 0
308.10 0
308.15 0
308.20 0
308.25 0
308.30 0
308.35 0
308.40 0
308.45 0
308.50 0
308.55 0
308.60 0
308.65 0
308.70 0
308.75 0
308.80 0
308.85 0
308.90 0
308.95 0
309.00 0
309.05 0
309.10 0
309.15 0
309.20 0
309.25 0
309.30 0
309.35 0
309.40 0
309.45 0
309.50 0
309.55 0
309.60 0
309.65 0
309.70 0
309.75 0
309.80 0
309.85 0
309.90 0
309.95 0
310.00 0
310.05 0
310.10 0
310.15 0
310.20 0
310.25 0
310.30 0
310.35 0
310.40 0
310.45 0
310.50 0
310.55 0
310.60 0
310.65 0
310.70 0
310.75 0
310.80 0
310.85 0
310.90 0
310.95 0
311.00 0
311.05 0
311.10 0
311.15 0
311.20 0
311.25 0
311.30 0
311.35 0
311.40 0
311.45 0
311.50 0
311.55 0
311.60 0
311.65 0
311.70 0
311.75 0
311.80 0
311.85 0
311.90 0
311.95 0
312.00 0
312.05 0
312.10 0
312.15 0
312.20 0
312.25 0
312.30 0
312.35 0
312.40 0
312.45 1.9224e-12
312.50 2.59524e-11
312.55 1.23034e-10
312.60 3.10147e-10
312.65 6.06517e-10
312.70 1.10538e-09
312.75 1.52126e-09
312.80 2.13194e-09
312.85 2.73365e-09
312.90 2.85188e-09
312.95 3.20977e-09
313.00 3.70158e-09
313.05 3.61892e-09
313.10 3.60482e-09
313.15 3.67178e-09
313.20 3.27481e-09
313.25 3.90696e-09
313.30 3.16523e-09
313.35 2.76153e-09
313.40 1.95732e-09
313.45 1.38733e-09
313.50 1.21368e-09
313.55 9.80744e-10
313.60 6.50732e-10
313.65 2.3261e-10
313.70 1.56996e-10
313.75 8.13816e-11
313.80 8.61876e-11
313.85 0
313.90 0
313.95 0
314.00 0
314.05 0
314.10 0
314.15 0
314.20 0
314.25 0
314.30 0
314.35 0
314.40 0
314.45 0
314.50 0
314.55 0
314.60 0
314.65 0
314.70 0
314.75 0
314.80 0
314.85 0
314.90 0
314.95 0
315.00 0
315.05 0
315.10 0
315.15 0
315.20 0
315.25 0
315.30 0
315.35 0
315.40 0
315.45 0
315.50 0
315.55 0
315.60 0
315.65 6.408e-13
315.70 9.2916e-12
315.75 6.85656e-11
315.80 2.51834e-10
315.85 5.61982e-10
315.90 9.16344e-10
315.95 1.18324e-09
316.00 1.09449e-09
316.05 1.14671e-09
316.10 1.43187e-09
316.15 1.87562e-09
316.20 2.37352e-09
316.25 2.44337e-09
316.30 2.16014e-09
316.35 1.80353e-09
316.40 1.57573e-09
316.45 1.91215e-09
316.50 1.70677e-09
316.55 1.20182e-09
316.60 9.51908e-10
316.65 8.1734e-10
316.70 9.79142e-10
316.75 4.62658e-10
316.80 2.02172e-10
316.85 9.64404e-11
316.90 0
316.95 0
317.00 0
317.05 0
317.10 0
317.15 0
317.20 0
317.25 0
317.30 0
317.35 0
317.40 0
317.45 0
317.50 0
317.55 0
317.60 0
317.65 0
317.70 0
317.75 0
317.80 0
317.85 0
317.90 0
317.95 0
318.00 0
318.05 0
318.10 0
318.15 0
318.20 0
318.25 0
318.30 0
318.35 0
318.40 0
318.45 0
318.50 0
318.55 0
318.60 0
318.65 0
318.70 0
318.75 0
318.80 0
318.85 0
318.90 0
318.95 0
319.00 0
319.05 0
319.10 0
319.15 0
319.20 0
319.25 0
319.30 0
319.35 0
319.40 0
319.45 0
319.50 0
319.55 0
319.60 0
319.65 0
319.70 0
319.75 0
319.80 0
319.85 0
319.90 0
319.95 0
320.00 0
320.05 0
320.10 0
320.15 0
320.20 0
320.25 0
320.30 0
320.35 0
320.40 0
320.45 0
320.50 0
320.55 0
320.60 0
320.65 0
320.70 0
320.75 0
320.80 0
320.85 0
320.90 0
320.95 0
321.00 0
321.05 0
321.10 0
321.15 0
321.20 0
321.25 0
321.30 0
321.35 0
321.40 0
321.45 0
321.50 0
321.55 0
321.60 0
321.65 0
321.70 0
321.75 0
321.80 0
321.85 0
321.90 0
321.95 0
322.00 0
322.05 0
322.10 0
322.15 0
322.20 0
322.25 0
322.30 0
322.35 0
322.40 0
322.45 0
322.50 0
322.55 0
322.60 0
322.65 0
322.70 0
322.75 0
322.80 0
322.85 0
322.90 0
322.95 0
323.00 0
323.05 0
323.10 0
323.15 0
323.20 0
323.25 0
323.30 0
323.35 0
323.40 0
323.45 0
323.50 0
323.55 0
323.60 0
323.65 0
323.70 0
323.75 0
323.80 0
323.85 0
323.90 0
323.95 0
324.00 0
324.05 0
324.10 0
324.15 0
324.20 0
324.25 0
324.30 0
324.35 0
324.40 0
324.45 0
324.50 0
324.55 0
324.60 0
324.65 0
324.70 0
324.75 0
324.80 0
324.85 0
324.90 0
324.95 0
325.00 0
325.05 0
325.10 0
325.15 0
325.20 0
325.25 0
325.30 0
325.35 0
325.40 0
325.45 0
325.50 0
325.55 0
325.60 0
325.65 0
325.70 0
325.75 0
325.80 0
325.85 0
325.90 0
325.95 0
326.00 0
326.05 0
326.10 0
326.15 0
326.20 0
326.25 0
326.30 0
326.35 0
326.40 0
326.45 0
326.50 0
326.55 0
326.60 0
326.65 0
326.70 0
326.75 0
326.80 0
326.85 0
326.90 0
326.95 0
327.00 0
327.05 0
327.10 0
327.15 0
327.20 0
327.25 0
327.30 0
327.35 0
327.40 0
327.45 0
327.50 0
327.55 0
327.60 0
327.65 0
327.70 0
327.75 0
327.80 0
327.85 0
327.90 0
327.95 0
328.00 0
328.05 0
328.10 0
328.15 0
328.20 0
328.25 0
328.30 0
328.35 0
328.40 0
328.45 0
328.50 0
328.55 0
328.60 0
328.65 0
328.70 0
328.75 0
328.80 0
328.85 0
328.90 0
328.95 0
329.00 0
329.05 0
329.10 0
329.15 0
329.20 0
329.25 0
329.30 0
329.35 0
329.40 0
329.45 0
329.50 0
329.55 0
329.60 0
329.65 0
329.70 0
329.75 0
329.80 0
329.85 0
329.90 0
329.95 0
330.00 0
330.05 0
330.10 0
330.15 0
330.20 0
330.25 0
330.30 0
330.35 0
330.40 0
330.45 0
330.50 0
330.55 0
330.60 0
330.65 0
330.70 0
330.75 0
330.80 0
330.85 0
330.90 0
330.95 0
331.00 0
331.05 0
331.10 0
331.15 0
331.20 0
331.25 0
331.30 0
331.35 0
331.40 0
331.45 0
331.50 0
331.55 0
331.60 0
331.65 0
331.70 0
331.75 0
331.80 0
331.85 0
331.90 0
331.95 0
332.00 0
332.05 0
332.10 0
332.15 0
332.20 0
332.25 0
332.30 0
332.35 0
332.40 0
332.45 0
332.50 0
332.55 0
332.60 0
332.65 0
332.70 0
332.75 0
332.80 0
332.85 0
332.90 0
332.95 0
333.00 0
333.05 0
333.10 0
333.15 0
333.20 0
333.25 0
333.30 0
333.35 0
333.40 0
333.45 0
333.50 0
333.55 0
333.60 0
333.65 0
333.70 0
333.75 0
333.80 0
333.85 0
333.90 0
333.95 0
334.00 0
334.05 0
334.10 0
334.15 0
334.20 0
334.25 0
334.30 0
334.35 0
334.40 0
334.45 0
334.50 0
334.55 0
334.60 0
334.65 0
334.70 0
334.75 0
334.80 0
334.85 0
334.90 0
334.95 0
335.00 0
335.05 0
335.10 0
335.15 0
335.20 0
335.25 0
335.30 0
335.35 0
335.40 0
335.45 0
335.50 0
335.55 0
335.60 0
335.65 0
335.70 0
335.75 0
335.80 0
335.85 0
335.90 0
335.95 6.408e-13
336.00 8.6508e-12
336.05 3.65256e-11
336.10 7.209e-11
336.15 9.32364e-11
336.20 9.86832e-11
336.25 0
336.30 0
336.35 0
336.40 0
336.45 0
336.50 0
336.55 0
336.60 0
336.65 0
336.70 0
336.75 0
336.80 0
336.85 6.408e-13
336.90 8.9712e-12
336.95 3.8448e-11
337.00 7.62552e-11
337.05 9.83628e-11
337.10 1.0413e-10
337.15 0
337.20 0
337.25 0
337.30 0
337.35 0
337.40 0
337.45 0
337.50 0
337.55 0
337.60 0
337.65 0
337.70 0
337.75 0
337.80 6.408e-13
337.85 7.6896e-12
337.90 3.90888e-11
337.95 9.90036e-11
338.00 1.55074e-10
338.05 1.82628e-10
338.10 1.07975e-10
338.15 0
338.20 0
338.25 0
338.30 0
338.35 0
338.40 0
338.45 6.408e-13
338.50 8.9712e-12
338.55 3.81276e-11
338.60 7.56144e-11
338.65 9.86832e-11
338.70 1.1983e-10
338.75 6.8886e-11
338.80 1.36811e-10
338.85 1.7622e-10
338.90 1.86793e-10
338.95 0
339.00 0
339.05 0
339.10 0
339.15 6.408e-13
339.20 9.612e-12
339.25 4.9662e-11
339.30 1.37131e-10
339.35 2.65612e-10
339.40 3.96014e-10
339.45 3.8416e-10
339.50 3.26488e-10
339.55 1.6789e-10
339.60 9.612e-11
339.65 1.01887e-10
339.70 6.408e-13
339.75 8.9712e-12
339.80 3.87684e-11
339.85 8.52264e-11
339.90 1.37131e-10
339.95 1.81987e-10
340.00 1.01246e-10
340.05 1.07975e-10
340.10 8.01e-12
340.15 3.5244e-11
340.20 7.8498e-11
340.25 1.42898e-10
340.30 2.38698e-10
340.35 2.35494e-10
340.40 2.8868e-10
340.45 2.21717e-10
340.50 7.88184e-11
340.55 1.3617e-10
340.60 2.10823e-10
340.65 1.86793e-10
340.70 2.45106e-10
340.75 1.88716e-10
340.80 1.0381e-10
340.85 1.37452e-10
340.90 7.27308e-11
340.95 9.35568e-11
341.00 9.9324e-11
341.05 0
341.10 1.9224e-12
341.15 2.65932e-11
341.20 1.13101e-10
341.25 2.31649e-10
341.30 3.26167e-10
341.35 3.81917e-10
341.40 1.00285e-10
341.45 1.07014e-10
341.50 8.9712e-12
341.55 3.71664e-11
341.60 7.46532e-11
341.65 1.0413e-10
341.70 1.4418e-10
341.75 1.05412e-10
341.80 1.62443e-10
341.85 1.97687e-10
341.90 1.41617e-10
341.95 9.48384e-11
342.00 1.76861e-10
342.05 2.65932e-10
342.10 2.31649e-10
342.15 2.99254e-10
342.20 1.99289e-10
342.25 3.38663e-10
342.30 3.56926e-10
342.35 4.27093e-10
342.40 2.03454e-10
342.45 2.41902e-10
342.50 3.51799e-10
342.55 3.5212e-10
342.60 3.45071e-10
342.65 2.59524e-10
342.70 3.47634e-10
342.75 3.11429e-10
342.80 1.6821e-10
342.85 9.35568e-11
342.90 1.43539e-10
342.95 1.64686e-10
343.00 3.26167e-10
343.05 4.78998e-10
343.10 4.92134e-10
343.15 3.73907e-10
343.20 2.56961e-10
343.25 2.42222e-10
343.30 3.22322e-10
343.35 1.9224e-10
343.40 2.50232e-10
343.45 1.81346e-10
343.50 1.40335e-10
343.55 1.22713e-10
343.60 2.4799e-10
343.65 4.61376e-10
343.70 5.97866e-10
343.75 6.6515e-10
343.80 6.66752e-10
343.85 2.53116e-10
343.90 2.75224e-10
343.95 3.81276e-10
344.00 3.42508e-10
344.05 1.87434e-10
344.10 9.70812e-11
344.15 1.69812e-11
344.20 7.33716e-11
344.25 1.61161e-10
344.30 2.67534e-10
344.35 3.93131e-10
344.40 3.50197e-10
344.45 5.45962e-10
344.50 5.74798e-10
344.55 7.30192e-10
344.60 7.78252e-10
344.65 8.49701e-10
344.70 7.90427e-10
344.75 8.73731e-10
344.80 6.26702e-10
344.85 3.45391e-10
344.90 4.35103e-10
344.95 3.06943e-10
345.00 1.75579e-10
345.05 2.06017e-10
345.10 1.28801e-10
345.15 8.29836e-11
345.20 2.17872e-10
345.25 4.30938e-10
345.30 6.74442e-10
345.35 6.76685e-10
345.40 7.24424e-10
345.45 4.76755e-10
345.50 4.2453e-10
345.55 5.6839e-10
345.60 4.21326e-10
345.65 4.81882e-10
345.70 4.2453e-10
345.75 4.50162e-10
345.80 3.89286e-10
345.85 4.19724e-10
345.90 7.19939e-10
345.95 9.31082e-10
346.00 1.01695e-09
346.05 7.56464e-10
346.10 6.90462e-10
346.15 3.79033e-10
346.20 3.00215e-10
346.25 3.86402e-10
346.30 4.84124e-10
346.35 5.74798e-10
346.40 6.50092e-10
346.45 4.94057e-10
346.50 5.71594e-10
346.55 5.09756e-10
346.60 7.76009e-10
346.65 7.63193e-10
346.70 7.29871e-10
346.75 5.66788e-10
346.80 5.07834e-10
346.85 7.6928e-10
346.90 8.968e-10
346.95 9.10897e-10
347.00 9.43898e-10
347.05 8.88149e-10
347.10 4.63619e-10
347.15 6.11644e-10
347.20 7.29871e-10
347.25 1.07302e-09
347.30 9.80104e-10
347.35 1.0288e-09
347.40 9.20189e-10
347.45 5.97546e-10
347.50 4.66823e-10
347.55 5.10077e-10
347.60 4.31579e-10
347.65 2.99254e-10
347.70 3.00215e-10
347.75 2.55359e-10
347.80 5.00785e-10
347.85 8.58672e-10
347.90 1.17395e-09
347.95 1.57413e-09
348.00 1.86313e-09
348.05 1.97847e-09
348.10 1.62219e-09
348.15 1.27872e-09
348.20 1.18676e-09
348.25 5.3699e-10
348.30 6.11964e-10
348.35 5.65826e-10
348.40 3.61411e-10
348.45 2.36455e-10
348.50 3.27128e-10
348.55 2.58563e-10
348.60 4.68104e-10
348.65 6.5682e-10
348.70 8.654e-10
348.75 9.6088e-10
348.80 9.72734e-10
348.85 7.79533e-10
348.90 7.70882e-10
348.95 5.3699e-10
349.00 3.80956e-10
349.05 4.44074e-10
349.10 7.96194e-10
349.15 1.13069e-09
349.20 1.38285e-09
349.25 1.33607e-09
349.30 1.30499e-09
349.35 9.25956e-10
349.40 6.70277e-10
349.45 8.12214e-10
349.50 9.3717e-10
349.55 1.11595e-09
349.60 8.90392e-10
349.65 8.06767e-10
349.70 7.81776e-10
349.75 9.15383e-10
349.80 9.18587e-10
349.85 1.34504e-09
349.90 1.37355e-09
349.95 1.247e-09
350.00 1.40271e-09
350.05 1.12909e-09
350.10 1.12396e-09
350.15 1.19894e-09
350.20 1.16594e-09
350.25 1.21592e-09
350.30 1.0445e-09
350.35 1.09417e-09
350.40 9.40374e-10
350.45 8.59633e-10
350.50 6.04595e-10
350.55 5.89216e-10
350.60 8.95518e-10
350.65 1.16433e-09
350.70 1.50075e-09
350.75 1.38445e-09
350.80 1.10121e-09
350.85 1.03457e-09
350.90 7.16094e-10
350.95 5.58137e-10
351.00 5.67108e-10
351.05 7.70882e-10
351.10 1.15344e-09
351.15 1.33415e-09
351.20 1.40207e-09
351.25 6.95909e-10
351.30 7.15453e-10
351.35 7.57426e-10
351.40 6.61306e-10
351.45 8.74372e-10
351.50 6.31829e-10
351.55 8.77896e-10
351.60 8.52264e-10
351.65 1.07558e-09
351.70 6.97831e-10
351.75 8.18622e-10
351.80 8.91994e-10
351.85 1.1983e-09
351.90 9.57676e-10
351.95 8.38166e-10
352.00 1.02592e-09
352.05 1.04803e-09
352.10 1.34376e-09
352.15 1.32517e-09
352.20 1.31236e-09
352.25 1.4088e-09
352.30 1.6978e-09
352.35 1.48954e-09
352.40 1.55554e-09
352.45 1.43443e-09
352.50 1.57348e-09
352.55 1.56644e-09
352.60 1.56932e-09
352.65 1.29762e-09
352.70 9.90677e-10
352.75 8.90071e-10
352.80 1.03489e-09
352.85 9.02246e-10
352.90 8.35603e-10
352.95 1.16049e-09
353.00 1.24347e-09
353.05 1.32069e-09
353.10 1.1041e-09
353.15 1.07558e-09
353.20 1.02592e-09
353.25 1.12589e-09
353.30 1.14863e-09
353.35 8.36885e-10
353.40 1.10025e-09
353.45 1.21464e-09
353.50 1.16209e-09
353.55 9.52549e-10
353.60 1.22617e-09
353.65 1.30211e-09
353.70 1.21111e-09
353.75 1.26045e-09
353.80 1.41905e-09
353.85 1.4402e-09
353.90 1.2848e-09
353.95 1.24027e-09
354.00 1.08968e-09
354.05 1.3601e-09
354.10 1.33126e-09
354.15 1.32453e-09
354.20 9.65686e-10
354.25 8.87508e-10
354.30 1.31813e-09
354.35 1.33767e-09
354.40 1.32838e-09
354.45 1.34536e-09
354.50 1.24539e-09
354.55 1.25885e-09
354.60 1.25597e-09
354.65 1.12332e-09
354.70 1.17074e-09
354.75 1.1246e-09
354.80 1.13422e-09
354.85 1.17939e-09
354.90 1.46839e-09
354.95 1.22361e-09
355.00 1.16914e-09
355.05 1.17523e-09
355.10 1.40688e-09
355.15 2.03037e-09
355.20 1.8769e-09
355.25 1.71062e-09
355.30 1.29121e-09
355.35 1.00798e-09
355.40 8.88149e-10
355.45 7.91708e-10
355.50 9.88434e-10
355.55 8.13816e-10
355.60 8.83984e-10
355.65 9.44539e-10
355.70 1.04354e-09
355.75 1.32614e-09
355.80 1.21912e-09
355.85 1.07654e-09
355.90 1.00125e-09
355.95 1.25629e-09
356.00 1.34824e-09
356.05 1.14383e-09
356.10 1.06917e-09
356.15 7.26988e-10
356.20 8.31758e-10
356.25 9.24034e-10
356.30 9.91318e-10
356.35 1.10955e-09
356.40 1.32902e-09
356.45 1.38925e-09
356.50 1.15376e-09
356.55 9.86512e-10
356.60 1.08071e-09
356.65 1.43475e-09
356.70 1.74266e-09
356.75 1.97463e-09
356.80 1.86152e-09
356.85 1.98135e-09
356.90 1.5376e-09
356.95 1.38893e-09
357.00 1.06116e-09
357.05 1.09897e-09
357.10 1.20855e-09
357.15 1.12877e-09
357.20 1.28961e-09
357.25 1.24475e-09
357.30 1.16529e-09
357.35 1.3649e-09
357.40 1.90574e-09
357.45 2.16078e-09
357.50 2.26138e-09
357.55 1.68178e-09
357.60 1.1669e-09
357.65 1.35305e-09
357.70 1.10121e-09
357.75 1.16562e-09
357.80 1.09256e-09
357.85 1.06853e-09
357.90 9.49986e-10
357.95 7.00394e-10
358.00 8.57711e-10
358.05 7.47173e-10
358.10 9.94522e-10
358.15 1.03361e-09
358.20 1.03746e-09
358.25 1.23162e-09
358.30 1.18676e-09
358.35 1.56515e-09
358.40 1.7904e-09
358.45 1.51197e-09
358.50 9.92599e-10
358.55 1.02208e-09
358.60 1.01375e-09
358.65 1.07302e-09
358.70 1.32229e-09
358.75 1.29442e-09
358.80 1.4434e-09
358.85 1.5376e-09
358.90 1.34248e-09
358.95 1.39118e-09
359.00 1.2502e-09
359.05 1.08648e-09
359.10 1.5187e-09
359.15 1.64237e-09
359.20 1.67217e-09
359.25 1.313e-09
359.30 1.12204e-09
359.35 8.70206e-10
359.40 1.02592e-09
359.45 1.19669e-09
359.50 1.06757e-09
359.55 1.2204e-09
359.60 1.12813e-09
359.65 8.45536e-10
359.70 9.02246e-10
359.75 8.50021e-10
359.80 1.18131e-09
359.85 1.50588e-09
359.90 1.26494e-09
359.95 1.17266e-09
360.00 1.3287e-09
360.05 1.48762e-09
360.10 1.8407e-09
360.15 1.78751e-09
360.20 1.43219e-09
360.25 1.14735e-09
360.30 1.36554e-09
360.35 1.08103e-09
360.40 1.49595e-09
360.45 1.72311e-09
360.50 1.5501e-09
360.55 1.62987e-09
360.60 1.53824e-09
360.65 1.51741e-09
360.70 1.0445e-09
360.75 1.24732e-09
360.80 1.1874e-09
360.85 1.4104e-09
360.90 1.4402e-09
360.95 1.35433e-09
361.00 1.31428e-09
361.05 1.29762e-09
361.10 9.67928e-10
361.15 1.09288e-09
361.20 1.06885e-09
361.25 8.65721e-10
361.30 8.59313e-10
361.35 1.02656e-09
361.40 1.12044e-09
361.45 1.3271e-09
361.50 1.25469e-09
361.55 1.53247e-09
361.60 1.41809e-09
361.65 1.55522e-09
361.70 1.39246e-09
361.75 1.11499e-09
361.80 8.54186e-10
361.85 9.71132e-10
361.90 9.94522e-10
361.95 1.14511e-09
362.00 1.08519e-09
362.05 1.28224e-09
362.10 1.11884e-09
362.15 1.41457e-09
362.20 1.48025e-09
362.25 1.54369e-09
362.30 1.17234e-09
362.35 1.04835e-09
362.40 9.06732e-10
362.45 1.19894e-09
362.50 1.1669e-09
362.55 1.15056e-09
362.60 1.19477e-09
362.65 1.08616e-09
362.70 1.19573e-09
362.75 1.57669e-09
362.80 1.80545e-09
362.85 1.62026e-09
362.90 1.53632e-09
362.95 1.09545e-09
363.00 1.31716e-09
363.05 1.40079e-09
363.10 1.07206e-09
363.15 8.99042e-10
363.20 8.57711e-10
363.25 7.82417e-10
363.30 1.39726e-09
363.35 1.66832e-09
363.40 1.83429e-09
363.45 1.40463e-09
363.50 6.33751e-10
363.55 9.94201e-10
363.60 1.11467e-09
363.65 1.17715e-09
363.70 1.25148e-09
363.75 8.90712e-10
363.80 8.91994e-10
363.85 8.50021e-10
363.90 1.06213e-09
363.95 1.15216e-09
364.00 9.55753e-10
364.05 1.23226e-09
364.10 1.75291e-09
364.15 2.00987e-09
364.20 1.62379e-09
364.25 1.43828e-09
364.30 1.04482e-09
364.35 8.60274e-10
364.40 8.63798e-10
364.45 1.04931e-09
364.50 1.27583e-09
364.55 1.74105e-09
364.60 1.602e-09
364.65 1.08872e-09
364.70 1.12044e-09
364.75 1.00766e-09
364.80 8.94236e-10
364.85 8.94236e-10
364.90 7.3692e-10
364.95 8.8943e-10
365.00 7.97155e-10
365.05 1.00574e-09
365.10 1.23578e-09
365.15 1.29762e-09
365.20 1.26526e-09
365.25 1.07815e-09
365.30 1.1246e-09
365.35 1.11307e-09
365.40 1.23002e-09
365.45 1.47e-09
365.50 1.50588e-09
365.55 1.7119e-09
365.60 1.63885e-09
365.65 1.38189e-09
365.70 1.11916e-09
365.75 1.04867e-09
365.80 8.26632e-10
365.85 5.31544e-10
365.90 7.64474e-10
365.95 1.05283e-09
366.00 1.12076e-09
366.05 1.31845e-09
366.10 1.13966e-09
366.15 1.28705e-09
366.20 1.48666e-09
366.25 1.42578e-09
366.30 1.32005e-09
366.35 9.75298e-10
366.40 8.37846e-10
366.45 8.34962e-10
366.50 8.14457e-10
366.55 1.02752e-09
366.60 7.04239e-10
366.65 9.09936e-10
366.70 1.14607e-09
366.75 1.52735e-09
366.80 1.2015e-09
366.85 9.91958e-10
366.90 9.74977e-10
366.95 1.01246e-09
367.00 1.02047e-09
367.05 1.06597e-09
367.10 1.01343e-09
367.15 1.33511e-09
367.20 1.49563e-09
367.25 1.83589e-09
367.30 1.58534e-09
367.35 1.29345e-09
367.40 9.33005e-10
367.45 8.10612e-10
367.50 8.89751e-10
367.55 9.82987e-10
367.60 9.60559e-10
367.65 9.27558e-10
367.70 9.12179e-10
367.75 6.6515e-10
367.80 6.62587e-10
367.85 4.79959e-10
367.90 7.63193e-10
367.95 1.33959e-09
368.00 1.71094e-09
368.05 1.74298e-09
368.10 8.99683e-10
368.15 1.11627e-09
368.20 1.12268e-09
368.25 1.30627e-09
368.30 1.43635e-09
368.35 1.2329e-09
368.40 1.38028e-09
368.45 1.25757e-09
368.50 1.06725e-09
368.55 1.30819e-09
368.60 1.34696e-09
368.65 1.25052e-09
368.70 8.18942e-10
368.75 8.47778e-10
368.80 7.79854e-10
368.85 6.79248e-10
368.90 7.77611e-10
368.95 1.03169e-09
369.00 1.02015e-09
369.05 1.15953e-09
369.10 1.15632e-09
369.15 9.84589e-10
369.20 7.76009e-10
369.25 8.54186e-10
369.30 5.03028e-10
369.35 4.92134e-10
369.40 5.89856e-10
369.45 6.69956e-10
369.50 7.87864e-10
369.55 1.024e-09
369.60 1.20374e-09
369.65 1.07366e-09
369.70 1.189e-09
369.75 1.16113e-09
369.80 9.71132e-10
369.85 1.31716e-09
369.90 1.3774e-09
369.95 1.35721e-09
370.00 1.0445e-09
370.05 7.53901e-10
370.10 3.6878e-10
370.15 3.65897e-10
370.20 6.32149e-10
370.25 9.12499e-10
370.30 8.43293e-10
370.35 8.03243e-10
370.40 7.96514e-10
370.45 5.9242e-10
370.50 6.90142e-10
370.55 6.04915e-10
370.60 6.55859e-10
370.65 8.53225e-10
370.70 9.35888e-10
370.75 1.01631e-09
370.80 1.4104e-09
370.85 1.17779e-09
370.90 1.24764e-09
370.95 1.33703e-09
371.00 9.83948e-10
371.05 6.98472e-10
371.10 7.18978e-10
371.15 7.58707e-10
371.20 4.66502e-10
371.25 3.10468e-10
371.30 4.53366e-10
371.35 7.25065e-10
371.40 9.06091e-10
371.45 7.96835e-10
371.50 6.6451e-10
371.55 5.90177e-10
371.60 4.28695e-10
371.65 4.02743e-10
371.70 4.74192e-10
371.75 5.1232e-10
371.80 5.46923e-10
371.85 3.67819e-10
371.90 4.43754e-10
371.95 5.48845e-10
372.00 7.62552e-10
372.05 9.73696e-10
372.10 1.16241e-09
372.15 1.3428e-09
372.20 9.2884e-10
372.25 8.23748e-10
372.30 8.46176e-10
372.35 9.49025e-10
372.40 1.03393e-09
372.45 8.11573e-10
372.50 8.07728e-10
372.55 6.97831e-10
372.60 6.00109e-10
372.65 6.59704e-10
372.70 8.52264e-10
372.75 9.79463e-10
372.80 8.4137e-10
372.85 9.2083e-10
372.90 6.43363e-10
372.95 3.75188e-10
373.00 4.4824e-10
373.05 5.2866e-10
373.10 5.14242e-10
373.15 6.02032e-10
373.20 5.06552e-10
373.25 6.03313e-10
373.30 6.83093e-10
373.35 5.55253e-10
373.40 7.1289e-10
373.45 7.23143e-10
373.50 8.36885e-10
373.55 9.9356e-10
373.60 6.81491e-10
373.65 7.84339e-10
373.70 5.00465e-10
373.75 7.24745e-10
373.80 7.40765e-10
373.85 6.61946e-10
373.90 5.57816e-10
373.95 6.26062e-10
374.00 4.57531e-10
374.05 3.50838e-10
374.10 2.86758e-10
374.15 4.35424e-10
374.20 5.90497e-10
374.25 7.98757e-10
374.30 7.48775e-10
374.35 3.4475e-10
374.40 4.26452e-10
374.45 2.17552e-10
374.50 3.98257e-10
374.55 5.33786e-10
374.60 8.1702e-10
374.65 8.44574e-10
374.70 7.81776e-10
374.75 4.74512e-10
374.80 4.20685e-10
374.85 3.38022e-10
374.90 3.02458e-10
374.95 2.22037e-10
375.00 8.26632e-11
375.05 2.0826e-10
375.10 3.74227e-10
375.15 5.26097e-10
375.20 4.53046e-10
375.25 4.74192e-10
375.30 3.13031e-10
375.35 4.27093e-10
375.40 4.62337e-10
375.45 3.14953e-10
375.50 4.39909e-10
375.55 4.29656e-10
375.60 3.22643e-10
375.65 2.84515e-10
375.70 4.63939e-10
375.75 5.31544e-10
375.80 5.43078e-10
375.85 4.42152e-10
375.90 4.25812e-10
375.95 5.51729e-10
376.00 6.67393e-10
376.05 6.76685e-10
376.10 4.15238e-10
376.15 1.61161e-10
376.20 2.0858e-10
376.25 3.99859e-10
376.30 5.74157e-10
376.35 5.73196e-10
376.40 3.73586e-10
376.45 2.65291e-10
376.50 3.46993e-10
376.55 4.70988e-10
376.60 5.86332e-10
376.65 5.24815e-10
376.70 4.99824e-11
376.75 1.48345e-10
376.80 2.7234e-10
376.85 3.75509e-10
376.90 3.91208e-10
376.95 2.83874e-10
377.00 2.60485e-10
377.05 3.06943e-10
377.10 1.66928e-10
377.15 1.96085e-10
377.20 3.23604e-10
377.25 4.61376e-10
377.30 3.91529e-10
377.35 3.85762e-10
377.40 3.42508e-10
377.45 2.21717e-10
377.50 1.77181e-10
377.55 2.1627e-10
377.60 1.70132e-10
377.65 1.53472e-10
377.70 2.79068e-10
377.75 3.86402e-10
377.80 3.97296e-10
377.85 3.32255e-10
377.90 3.72946e-10
377.95 5.41156e-10
378.00 4.50803e-10
378.05 4.17161e-10
378.10 2.73622e-10
378.15 7.97796e-11
378.20 1.34568e-10
378.25 2.09542e-10
378.30 1.94483e-10
378.35 2.53757e-10
378.40 1.88716e-10
378.45 8.811e-11
378.50 0
378.55 0
378.60 0
378.65 0
378.70 0
378.75 6.408e-13
378.80 9.9324e-12
378.85 5.03028e-11
378.90 1.48986e-10
378.95 3.22322e-10
379.00 4.98863e-10
379.05 4.85086e-10
379.10 4.27093e-10
379.15 3.90888e-11
379.20 7.8498e-11
379.25 1.16946e-10
379.30 1.79744e-10
379.35 1.53472e-10
379.40 2.28766e-10
379.45 3.03419e-10
379.50 1.64365e-10
379.55 1.93201e-10
379.60 1.13742e-10
379.65 0
379.70 0
379.75 0
379.80 6.408e-13
379.85 8.9712e-12
379.90 3.8448e-11
379.95 9.25956e-11
380.00 1.74618e-10
380.05 2.59524e-10
380.10 2.13386e-10
380.15 2.5664e-10
380.20 7.97796e-11
380.25 1.0381e-10
380.30 1.17907e-10
380.35 3.74868e-11
380.40 8.36244e-11
380.45 1.45141e-10
380.50 2.22037e-10
380.55 1.85191e-10
380.60 2.14348e-10
380.65 1.07975e-10
380.70 0
380.75 0
380.80 6.408e-13
380.85 7.3692e-12
380.90 3.0438e-11
380.95 6.11964e-11
381.00 8.61876e-11
381.05 1.16946e-10
381.10 6.7284e-11
381.15 8.68284e-11
381.20 9.22752e-11
381.25 6.408e-13
381.30 8.6508e-12
381.35 3.78072e-11
381.40 8.26632e-11
381.45 1.33607e-10
381.50 1.77502e-10
381.55 9.9324e-11
381.60 1.05412e-10
381.65 0
381.70 0
381.75 0
381.80 0
381.85 0
381.90 0
381.95 0
382.00 0
382.05 0
382.10 0
382.15 0
382.20 0
382.25 0
382.30 0
382.35 6.408e-13
382.40 9.612e-12
382.45 4.005e-11
382.50 7.91388e-11
382.55 1.02208e-10
382.60 1.08936e-10
382.65 8.01e-12
382.70 3.3642e-11
382.75 6.69636e-11
382.80 8.61876e-11
382.85 9.19548e-11
382.90 9.2916e-12
382.95 3.90888e-11
383.00 7.75368e-11
383.05 9.99648e-11
383.10 1.05732e-10
383.15 0
383.20 0
383.25 0
383.30 0
383.35 0
383.40 0
383.45 0
383.50 0
383.55 0
383.60 0
383.65 0
383.70 0
383.75 0
383.80 0
383.85 0
383.90 0
383.95 0
384.00 0
384.05 0
384.10 0
384.15 0
384.20 6.408e-13
384.25 9.612e-12
384.30 4.10112e-11
384.35 8.10612e-11
384.40 1.0445e-10
384.45 1.10858e-10
384.50 0
384.55 0
384.60 0
384.65 0
384.70 0
384.75 0
384.80 0
384.85 0
384.90 0
384.95 0
385.00 0
385.05 0
385.10 0
385.15 0
385.20 0
385.25 0
385.30 0
385.35 0
385.40 0
385.45 0
385.50 0
385.55 0
385.60 0
385.65 0
385.70 0
385.75 0
385.80 0
385.85 0
385.90 0
385.95 0
386.00 0
386.05 0
386.10 0
386.15 0
386.20 0
386.25 0
386.30 0
386.35 0
386.40 0
386.45 0
386.50 0
386.55 0
386.60 0
386.65 0
386.70 0
386.75 0
386.80 0
386.85 0
386.90 0
386.95 0
387.00 0
387.05 0
387.10 0
387.15 0
387.20 0
387.25 0
387.30 0
387.35 0
387.40 0
387.45 0
387.50 0
387.55 0
387.60 0
387.65 0
387.70 0
387.75 0
387.80 0
387.85 0
387.90 0
387.95 0
388.00 0
388.05 0
388.10 0
388.15 0
388.20 0
388.25 0
388.30 0
388.35 0
388.40 0
388.45 0
388.50 0
388.55 0
388.60 0
388.65 0
388.70 0
388.75 0
388.80 0
388.85 0
388.90 0
388.95 0
389.00 0
389.05 0
389.10 0
389.15 0
389.20 0
389.25 0
389.30 0
389.35 0
389.40 0
389.45 0
389.50 0
389.55 0
389.60 0
389.65 0
389.70 0
389.75 0
389.80 0
389.85 0
389.90 0
389.95 0
390.00 0
390.05 0
390.10 0
390.15 0
390.20 0
390.25 0
390.30 0
390.35 0
390.40 0
390.45 0
390.50 0
390.55 0
390.60 0
390.65 0
390.70 0
390.75 0
390.80 0
390.85 0
390.90 0
390.95 0
391.00 0
391.05 0
391.10 0
391.15 0
391.20 0
391.25 0
391.30 0
391.35 0
391.40 0
391.45 0
391.50 0
391.55 0
391.60 0
391.65 0
391.70 0
391.75 0
391.80 0
391.85 0
391.90 0
391.95 0
392.00 0
392.05 0
392.10 0
392.15 0
392.20 0
392.25 0
392.30 0
392.35 0
392.40 0
392.45 0
392.50 0
392.55 0
392.60 0
392.65 0
392.70 0
392.75 0
392.80 0
392.85 0
392.90 0
392.95 0
393.00 0
393.05 0
393.10 0
393.15 0
393.20 0
393.25 0
393.30 0
393.35 0
393.40 0
393.45 0
393.50 0
393.55 0
393.60 0
393.65 0
393.70 0
393.75 0
393.80 0
393.85 0
393.90 0
393.95 0
394.00 0
394.05 0
394.10 0
394.15 0
394.20 0
394.25 0
394.30 0
394.35 0
394.40 0
394.45 0
394.50 0
394.55 0
394.60 0
394.65 0
394.70 0
394.75 0
394.80 0
394.85 0
394.90 0
394.95 0
395.00 0
395.05 0
395.10 0
395.15 0
395.20 0
395.25 0
395.30 0
395.35 0
395.40 0
395.45 0
395.50 0
395.55 0
395.60 0
395.65 0
395.70 0
395.75 0
395.80 0
395.85 0
395.90 0
395.95 0
396.00 0
396.05 0
396.10 0
396.15 0
396.20 0
396.25 0
396.30 0
396.35 0
396.40 0
396.45 0
396.50 0
396.55 0
396.60 0
396.65 0
396.70 0
396.75 0
396.80 0
396.85 0
396.90 0
396.95 0
397.00 0
397.05 0
397.10 0
397.15 0
397.20 0
397.25 0
397.30 0
397.35 0
397.40 0
397.45 0
397.50 0
397.55 0
397.60 0
397.65 0
397.70 0
397.75 0
397.80 0
397.85 0
397.90 0
397.95 0
398.00 0
398.05 0
398.10 0
398.15 0
398.20 0
398.25 0
398.30 0
398.35 0
398.40 0
398.45 0
398.50 0
398.55 0
398.60 0
398.65 0
398.70 0
398.75 0
398.80 0
398.85 0
398.90 0
398.95 0
399.00 0
399.05 0
399.10 0
399.15 0
399.20 0
399.25 0
399.30 0
399.35 0
399.40 0
399.45 0
399.50 0
399.55 0
399.60 0
399.65 0
399.70 0
399.75 0
399.80 0
399.85 0
399.90 0
399.95 0
400.00 0
400.05 0
400.10 0
400.15 0
400.20 0
400.25 0
400.30 0
400.35 0
400.40 0
400.45 0
400.50 0
400.55 0
400.60 0
400.65 0
400.70 0
400.75 0
400.80 0
400.85 0
400.90 0
400.95 0
401.00 0
401.05 0
401.10 0
401.15 0
401.20 0
401.25 0
401.30 0
401.35 0
401.40 0
401.45 0
401.50 0
401.55 0
401.60 0
401.65 0
401.70 0
401.75 0
401.80 0
401.85 0
401.90 0
401.95 0
402.00 0
402.05 0
402.10 0
402.15 0
402.20 0
402.25 0
402.30 0
402.35 0
402.40 0
402.45 0
402.50 0
402.55 0
402.60 0
402.65 0
402.70 0
402.75 0
402.80 0
402.85 0
402.90 0
402.95 0
403.00 0
403.05 0
403.10 0
403.15 0
403.20 0
403.25 0
403.30 0
403.35 0
403.40 0
403.45 0
403.50 0
403.55 0
403.60 0
403.65 0
403.70 0
403.75 0
403.80 0
403.85 0
403.90 0
403.95 0
404.00 0
404.05 0
404.10 0
404.15 0
404.20 0
404.25 0
404.30 0
404.35 0
404.40 0
404.45 0
404.50 0
404.55 0
404.60 0
404.65 0
404.70 0
404.75 0
404.80 0
404.85 0
404.90 0
404.95 0
405.00 0
405.05 0
405.10 0
405.15 0
405.20 0
405.25 0
405.30 0
405.35 0
405.40 0
405.45 0
405.50 0
405.55 0
405.60 0
405.65 0
405.70 0
405.75 0
405.80 0
405.85 0
405.90 0
405.95 0
406.00 0
406.05 0
406.10 0
406.15 0
406.20 0
406.25 0
406.30 0
406.35 0
406.40 0
406.45 0
406.50 0
406.55 0
406.60 0
406.65 0
406.70 0
406.75 0
406.80 0
406.85 0
406.90 0
406.95 0
407.00 0
407.05 0
407.10 0
407.15 0
407.20 0
407.25 0
407.30 0
407.35 0
407.40 0
407.45 0
407.50 0
407.55 0
407.60 0
407.65 0
407.70 0
407.75 0
407.80 0
407.85 0
407.90 0
407.95 0
408.00 0
408.05 0
408.10 0
408.15 0
408.20 0
408.25 0
408.30 0
408.35 0
408.40 0
408.45 0
408.50 0
408.55 0
408.60 0
408.65 0
408.70 0
408.75 0
408.80 0
408.85 0
408.90 0
408.95 0
409.00 0
409.05 0
409.10 0
409.15 0
409.20 0
409.25 0
409.30 0
409.35 0
409.40 0
409.45 0
409.50 0
409.55 0
409.60 0
409.65 0
409.70 0
409.75 0
409.80 0
409.85 0
409.90 0
409.95 0
410.00 0
410.05 0
410.10 0
410.15 0
410.20 0
410.25 0
410.30 0
410.35 0
410.40 0
410.45 0
410.50 0
410.55 0
410.60 0
410.65 0
410.70 0
410.75 0
410.80 0
410.85 0
410.90 0
410.95 0
411.00 0
411.05 0
411.10 0
411.15 0
411.20 0
411.25 0
411.30 0
411.35 0
411.40 0
411.45 0
411.50 0
411.55 0
411.60 0
411.65 0
411.70 0
411.75 0
411.80 0
411.85 0
411.90 0
411.95 0
412.00 0
412.05 0
412.10 0
412.15 0
412.20 0
412.25 0
412.30 0
412.35 0
412.40 0
412.45 0
412.50 0
412.55 0
412.60 0
412.65 0
412.70 0
412.75 0
412.80 0
412.85 0
412.90 0
412.95 0
413.00 0
413.05 0
413.10 0
413.15 0
413.20 0
413.25 0
413.30 0
413.35 0
413.40 0
413.45 0
413.50 0
413.55 0
413.60 0
413.65 0
413.70 0
413.75 0
413.80 0
413.85 0
413.90 0
413.95 0
414.00 0
414.05 0
414.10 0
414.15 0
414.20 0
414.25 0
414.30 0
414.35 0
414.40 0
414.45 0
414.50 0
414.55 0
414.60 0
414.65 0
414.70 0
414.75 0
414.80 0
414.85 0
414.90 0
414.95 0
415.00 0
415.05 0
415.10 0
415.15 0
415.20 0
415.25 0
415.30 0
415.35 0
415.40 0
415.45 0
415.50 0
415.55 0
415.60 0
415.65 0
415.70 0
415.75 0
415.80 0
415.85 0
415.90 0
415.95 0
416.00 0
416.05 0
416.10 0
416.15 0
416.20 0
416.25 0
416.30 0
416.35 0
416.40 0
416.45 0
416.50 0
416.55 0
416.60 0
416.65 0
416.70 0
416.75 0
416.80 0
416.85 0
416.90 0
416.95 0
417.00 0
417.05 0
417.10 0
417.15 0
417.20 0
417.25 0
417.30 0
417.35 0
417.40 0
417.45 0
417.50 0
417.55 0
417.60 0
417.65 0
417.70 0
417.75 0
417.80 0
417.85 0
417.90 0
417.95 0
418.00 0
418.05 0
418.10 0
418.15 0
418.20 0
418.25 0
418.30 0
418.35 0
418.40 0
418.45 0
418.50 0
418.55 0
418.60 0
418.65 0
418.70 0
418.75 0
418.80 0
418.85 0
418.90 0
418.95 0
419.00 0
419.05 0
419.10 0
419.15 0
419.20 0
419.25 0
419.30 0
419.35 0
419.40 0
419.45 0
419.50 0
419.55 0
419.60 0
419.65 0
419.70 0
419.75 0
419.80 0
419.85 0
419.90 0
419.95 0
420.00 0
420.05 0
420.10 0
420.15 0
420.20 0
420.25 0
420.30 0
420.35 0
420.40 0
420.45 0
420.50 0
420.55 0
420.60 0
420.65 0
420.70 0
420.75 0
420.80 0
420.85 0
420.90 0
420.95 0
421.00 0
421.05 0
421.10 0
421.15 0
421.20 0
421.25 0
421.30 0
421.35 0
421.40 0
421.45 0
421.50 0
421.55 0
421.60 0
421.65 0
421.70 0
421.75 0
421.80 0
421.85 0
421.90 0
421.95 0
422.00 0
422.05 0
422.10 0
422.15 0
422.20 0
422.25 0
422.30 0
422.35 0
422.40 0
422.45 0
422.50 0
422.55 0
422.60 0
422.65 0
422.70 0
422.75 0
422.80 0
422.85 0
422.90 0
422.95 0
423.00 0
423.05 0
423.10 0
423.15 0
423.20 0
423.25 0
423.30 0
423.35 0
423.40 0
423.45 0
423.50 0
423.55 0
423.60 0
423.65 0
423.70 0
423.75 0
423.80 0
423.85 0
423.90 0
423.95 0
424.00 0
424.05 0
424.10 0
424.15 0
424.20 0
424.25 0
424.30 0
424.35 0
424.40 0
424.45 0
424.50 0
424.55 0
424.60 0
424.65 0
424.70 0
424.75 0
424.80 0
424.85 0
424.90 0
424.95 0
425.00 0
425.05 0
425.10 0
425.15 0
425.20 0
425.25 0
425.30 0
425.35 0
425.40 0
425.45 0
425.50 0
425.55 0
425.60 0
425.65 0
425.70 0
425.75 0
425.80 0
425.85 0
425.90 0
425.95 0
426.00 0
426.05 0
426.10 0
426.15 0
426.20 0
426.25 0
426.30 0
426.35 0
426.40 0
426.45 0
426.50 0
426.55 0
426.60 0
426.65 0
426.70 0
426.75 0
426.80 0
426.85 0
426.90 0
426.95 0
427.00 0
427.05 0
427.10 0
427.15 0
427.20 0
427.25 0
427.30 0
427.35 0
427.40 0
427.45 0
427.50 0
427.55 0
427.60 0
427.65 0
427.70 0
427.75 0
427.80 0
427.85 0
427.90 0
427.95 0
428.00 0
428.05 0
428.10 0
428.15 0
428.20 0
428.25 0
428.30 0
428.35 0
428.40 0
428.45 0
428.50 0
428.55 0
428.60 0
428.65 0
428.70 0
428.75 0
428.80 0
428.85 0
428.90 0
428.95 0
429.00 0
429.05 0
429.10 0
429.15 0
429.20 0
429.25 0
429.30 0
429.35 0
429.40 0
429.45 0
429.50 0
429.55 0
429.60 0
429.65 0
429.70 0
429.75 0
429.80 0
429.85 0
429.90 0
429.95 0
430.00 0
430.05 0
430.10 0
430.15 0
430.20 0
430.25 0
430.30 0
430.35 0
430.40 0
430.45 0
430.50 0
430.55 0
430.60 0
430.65 0
430.70 0
430.75 0
430.80 0
430.85 0
430.90 0
430.95 0
431.00 0
431.05 0
431.10 0
431.15 0
431.20 0
431.25 0
431.30 0
431.35 0
431.40 0
431.45 0
431.50 0
431.55 0
431.60 0
431.65 0
431.70 0
431.75 0
431.80 0
431.85 0
431.90 0
431.95 0
432.00 0
432.05 0
432.10 0
432.15 0
432.20 0
432.25 0
432.30 0
432.35 0
432.40 0
432.45 0
432.50 0
432.55 0
432.60 0
432.65 0
432.70 0
432.75 0
432.80 0
432.85 0
432.90 0
432.95 0
433.00 0
433.05 0
433.10 0
433.15 0
433.20 0
433.25 0
433.30 0
433.35 0
433.40 0
433.45 0
433.50 0
433.55 0
433.60 0
433.65 0
433.70 0
433.75 0
433.80 0
433.85 0
433.90 0
433.95 0
434.00 0
434.05 0
434.10 0
434.15 0
434.20 0
434.25 0
434.30 0
434.35 0
434.40 0
434.45 0
434.50 0
434.55 0
434.60 0
434.65 0
434.70 0
434.75 0
434.80 0
434.85 0
434.90 0
434.95 0
435.00 0
435.05 0
435.10 0
435.15 0
435.20 0
435.25 0
435.30 0
435.35 0
435.40 0
435.45 0
435.50 0
435.55 0
435.60 0
435.65 0
435.70 0
435.75 0
435.80 0
435.85 0
435.90 0
435.95 0
436.00 0
436.05 0
436.10 0
436.15 0
436.20 0
436.25 0
436.30 0
436.35 0
436.40 0
436.45 0
436.50 0
436.55 0
436.60 0
436.65 0
436.70 0
436.75 0
436.80 0
436.85 0
436.90 0
436.95 0
437.00 0
437.05 0
437.10 0
437.15 0
437.20 0
437.25 0
437.30 0
437.35 0
437.40 0
437.45 0
437.50 0
437.55 0
437.60 0
437.65 0
437.70 0
437.75 0
437.80 0
437.85 0
437.90 0
437.95 0
438.00 0
438.05 0
438.10 0
438.15 0
438.20 0
438.25 0
438.30 0
438.35 0
438.40 0
438.45 0
438.50 0
438.55 0
438.60 0
438.65 0
438.70 0
438.75 0
438.80 0
438.85 0
438.90 0
438.95 0
439.00 0
439.05 0
439.10 0
439.15 0
439.20 0
439.25 0
439.30 0
439.35 0
439.40 0
439.45 0
439.50 0
439.55 0
439.60 0
439.65 0
439.70 0
439.75 0
439.80 0
439.85 0
439.90 0
439.95 0
440.00 0
440.05 0
440.10 0
440.15 0
440.20 0
440.25 0
440.30 0
440.35 0
440.40 0
440.45 0
440.50 0
440.55 0
440.60 0
440.65 0
440.70 0
440.75 0
440.80 0
440.85 0
440.90 0
440.95 0
441.00 0
441.05 0
441.10 0
441.15 0
441.20 0
441.25 0
441.30 0
441.35 0
441.40 0
441.45 0
441.50 0
441.55 0
441.60 0
441.65 0
441.70 0
441.75 0
441.80 0
441.85 0
441.90 0
441.95 0
442.00 0
442.05 0
442.10 0
442.15 0
442.20 0
442.25 0
442.30 0
442.35 0
442.40 0
442.45 0
442.50 0
442.55 0
442.60 0
442.65 0
442.70 0
442.75 0
442.80 0
442.85 0
442.90 0
442.95 0
443.00 0
443.05 0
443.10 0
443.15 0
443.20 0
443.25 0
443.30 0
443.35 0
443.40 0
443.45 0
443.50 0
443.55 0
443.60 0
443.65 0
443.70 0
443.75 0
443.80 0
443.85 0
443.90 0
443.95 0
444.00 0
444.05 0
444.10 0
444.15 0
444.20 0
444.25 0
444.30 0
444.35 0
444.40 0
444.45 0
444.50 0
444.55 0
444.60 0
444.65 0
444.70 0
444.75 0
444.80 0
444.85 0
444.90 0
444.95 0
445.00 0
445.05 0
445.10 0
445.15 0
445.20 0
445.25 0
445.30 0
445.35 0
445.40 0
445.45 0
445.50 0
445.55 0
445.60 0
445.65 0
445.70 0
445.75 0
445.80 0
445.85 0
445.90 0
445.95 0
446.00 0
446.05 0
446.10 0
446.15 0
446.20 0
446.25 0
446.30 0
446.35 0
446.40 0
446.45 0
446.50 0
446.55 0
446.60 0
446.65 0
446.70 0
446.75 0
446.80 0
446.85 0
446.90 0
446.95 0
447.00 0
447.05 0
447.10 0
447.15 0
447.20 0
447.25 0
447.30 0
447.35 0
447.40 0
447.45 0
447.50 0
447.55 0
447.60 0
447.65 0
447.70 0
447.75 0
447.80 0
447.85 0
447.90 0
447.95 0
448.00 0
448.05 0
448.10 0
448.15 0
448.20 0
448.25 0
448.30 0
448.35 0
448.40 0
448.45 0
448.50 0
448.55 0
448.60 0
448.65 0
448.70 0
448.75 0
448.80 0
448.85 0
448.90 0
448.95 0
449.00 0
449.05 0
449.10 0
449.15 0
449.20 0
449.25 0
449.30 0
449.35 0
449.40 0
449.45 0
449.50 0
449.55 0
449.60 0
449.65 0
449.70 0
449.75 0
449.80 0
449.85 0
449.90 0
449.95 0
450.00 0
450.05 0
450.10 0
450.15 0
450.20 0
450.25 0
450.30 0
450.35 0
450.40 0
450.45 0
450.50 0
450.55 0
450.60 0
450.65 0
450.70 0
450.75 0
450.80 0
450.85 0
450.90 0
450.95 0
451.00 0
451.05 0
451.10 0
451.15 0
451.20 0
451.25 0
451.30 0
451.35 0
451.40 0
451.45 0
451.50 0
451.55 0
451.60 0
451.65 0
451.70 0
451.75 0
451.80 0
451.85 0
451.90 0
451.95 0
452.00 0
452.05 0
452.10 0
452.15 0
452.20 0
452.25 0
452.30 0
452.35 0
452.40 0
452.45 0
452.50 0
452.55 0
452.60 0
452.65 0
452.70 0
452.75 0
452.80 0
452.85 0
452.90 0
452.95 0
453.00 0
453.05 0
453.10 0
453.15 0
453.20 0
453.25 0
453.30 0
453.35 0
453.40 0
453.45 0
453.50 0
453.55 0
453.60 0
453.65 0
453.70 0
453.75 0
453.80 0
453.85 0
453.90 0
453.95 0
454.00 0
454.05 0
454.10 0
454.15 0
454.20 0
454.25 0
454.30 0
454.35 0
454.40 0
454.45 0
454.50 0
454.55 0
454.60 0
454.65 0
454.70 0
454.75 0
454.80 0
454.85 0
454.90 0
454.95 0
455.00 0
455.05 0
455.10 0
455.15 0
455.20 0
455.25 0
455.30 0
455.35 0
455.40 0
455.45 0
455.50 0
455.55 0
455.60 0
455.65 0
455.70 0
455.75 0
455.80 0
455.85 0
455.90 0
455.95 0
456.00 0
456.05 0
456.10 0
456.15 0
456.20 0
456.25 0
456.30 0
456.35 0
456.40 0
456.45 0
456.50 0
456.55 0
456.60 0
456.65 0
456.70 0
456.75 0
456.80 0
456.85 0
456.90 0
456.95 0
457.00 0
457.05 0
457.10 0
457.15 0
457.20 0
457.25 0
457.30 0
457.35 0
457.40 0
457.45 0
457.50 0
457.55 0
457.60 0
457.65 0
457.70 0
457.75 0
457.80 0
457.85 0
457.90 0
457.95 0
458.00 0
458.05 0
458.10 0
458.15 0
458.20 0
458.25 0
458.30 0
458.35 0
458.40 0
458.45 0
458.50 0
458.55 0
458.60 0
458.65 0
458.70 0
458.75 0
458.80 0
458.85 0
458.90 0
458.95 0
459.00 0
459.05 0
459.10 0
459.15 0
459.20 0
459.25 0
459.30 0
459.35 0
459.40 0
459.45 0
459.50 0
459.55 0
459.60 0
459.65 0
459.70 0
459.75 0
459.80 0
459.85 0
459.90 0
459.95 0
460.00 0
460.05 0
460.10 0
460.15 0
460.20 0
460.25 0
460.30 0
460.35 0
460.40 0
460.45 0
460.50 0
460.55 0
460.60 0
460.65 0
460.70 0
460.75 0
460.80 0
460.85 0
460.90 0
460.95 0
461.00 0
461.05 0
461.10 0
461.15 0
461.20 0
461.25 0
461.30 0
461.35 0
461.40 0
461.45 0
461.50 0
461.55 0
461.60 0
461.65 0
461.70 0
461.75 0
461.80 0
461.85 0
461.90 0
461.95 0
462.00 0
462.05 0
462.10 0
462.15 0
462.20 0
462.25 0
462.30 0
462.35 0
462.40 0
462.45 0
462.50 0
462.55 0
462.60 0
462.65 0
462.70 0
462.75 0
462.80 0
462.85 0
462.90 0
462.95 0
463.00 0
463.05 0
463.10 0
463.15 0
463.20 0
463.25 0
463.30 0
463.35 0
463.40 0
463.45 0
463.50 0
463.55 0
463.60 0
463.65 0
463.70 0
463.75 0
463.80 0
463.85 0
463.90 0
463.95 0
464.00 0
464.05 0
464.10 0
464.15 0
464.20 0
464.25 0
464.30 0
464.35 0
464.40 0
464.45 0
464.50 0
464.55 0
464.60 0
464.65 0
464.70 0
464.75 0
464.80 0
464.85 0
464.90 0
464.95 0
465.00 0
465.05 0
465.10 0
465.15 0
465.20 0
465.25 0
465.30 0
465.35 0
465.40 0
465.45 0
465.50 0
465.55 0
465.60 0
465.65 0
465.70 0
465.75 0
465.80 0
465.85 0
465.90 0
465.95 0
466.00 0
466.05 0
466.10 0
466.15 0
466.20 0
466.25 0
466.30 0
466.35 0
466.40 0
466.45 0
466.50 0
466.55 0
466.60 0
466.65 0
466.70 0
466.75 0
466.80 0
466.85 0
466.90 0
466.95 0
467.00 0
467.05 0
467.10 0
467.15 0
467.20 0
467.25 0
467.30 0
467.35 0
467.40 0
467.45 0
467.50 0
467.55 0
467.60 0
467.65 0
467.70 0
467.75 0
467.80 0
467.85 0
467.90 0
467.95 0
468.00 0
468.05 0
468.10 0
468.15 0
468.20 0
468.25 0
468.30 0
468.35 0
468.40 0
468.45 0
468.50 0
468.55 0
468.60 0
468.65 0
468.70 0
468.75 0
468.80 0
468.85 0
468.90 0
468.95 0
469.00 0
469.05 0
469.10 0
469.15 0
469.20 0
469.25 0
469.30 0
469.35 0
469.40 0
469.45 0
469.50 0
469.55 0
469.60 0
469.65 0
469.70 0
469.75 0
469.80 0
469.85 0
469.90 0
469.95 0
470.00 0
470.05 0
470.10 0
470.15 0
470.20 0
470.25 0
470.30 0
470.35 0
470.40 0
470.45 0
470.50 0
470.55 0
470.60 0
470.65 0
470.70 0
470.75 0
470.80 0
470.85 0
470.90 0
470.95 0
471.00 0
471.05 0
471.10 0
471.15 0
471.20 0
471.25 0
471.30 0
471.35 0
471.40 0
471.45 0
471.50 0
471.55 0
471.60 0
471.65 0
471.70 0
471.75 0
471.80 0
471.85 0
471.90 0
471.95 0
472.00 0
472.05 0
472.10 0
472.15 0
472.20 0
472.25 0
472.30 0
472.35 0
472.40 0
472.45 0
472.50 0
472.55 0
472.60 0
472.65 0
472.70 0
472.75 0
472.80 0
472.85 0
472.90 0
472.95 0
473.00 0
473.05 0
473.10 0
473.15 0
473.20 0
473.25 0
473.30 0
473.35 0
473.40 0
473.45 0
473.50 0
473.55 0
473.60 0
473.65 0
473.70 0
473.75 0
473.80 0
473.85 0
473.90 0
473.95 0
474.00 0
474.05 0
474.10 0
474.15 0
474.20 0
474.25 0
474.30 0
474.35 0
474.40 0
474.45 0
474.50 0
474.55 0
474.60 0
474.65 0
474.70 0
474.75 0
474.80 0
474.85 0
474.90 0
474.95 0
475.00 0
475.05 0
475.10 0
475.15 0
475.20 0
475.25 0
475.30 0
475.35 0
475.40 0
475.45 0
475.50 0
475.55 0
475.60 0
475.65 0
475.70 0
475.75 0
475.80 0
475.85 0
475.90 0
475.95 0
476.00 0
476.05 0
476.10 0
476.15 0
476.20 0
476.25 0
476.30 0
476.35 0
476.40 0
476.45 0
476.50 0
476.55 0
476.60 0
476.65 0
476.70 0
476.75 0
476.80 0
476.85 0
476.90 0
476.95 0
477.00 0
477.05 0
477.10 0
477.15 0
477.20 0
477.25 0
477.30 0
477.35 0
477.40 0
477.45 0
477.50 0
477.55 0
477.60 0
477.65 0
477.70 0
477.75 0
477.80 0
477.85 0
477.90 0
477.95 0
478.00 0
478.05 0
478.10 0
478.15 0
478.20 0
478.25 0
478.30 0
478.35 0
478.40 0
478.45 0
478.50 0
478.55 0
478.60 0
478.65 0
478.70 0
478.75 0
478.80 0
478.85 0
478.90 0
478.95 0
479.00 0
479.05 0
479.10 0
479.15 0
479.20 0
479.25 0
479.30 0
479.35 0
479.40 0
479.45 0
479.50 0
479.55 0
479.60 0
479.65 0
479.70 0
479.75 0
479.80 0
479.85 0
479.90 0
479.95 0
480.00 0
480.05 0
480.10 0
480.15 0
480.20 0
480.25 0
480.30 0
480.35 0
480.40 0
480.45 0
480.50 0
480.55 0
480.60 0
480.65 0
480.70 0
480.75 0
480.80 0
480.85 0
480.90 0
480.95 0
481.00 0
481.05 0
481.10 0
481.15 0
481.20 0
481.25 0
481.30 0
481.35 0
481.40 0
481.45 0
481.50 0
481.55 0
481.60 0
481.65 0
481.70 0
481.75 0
481.80 0
481.85 0
481.90 0
481.95 0
482.00 0
482.05 0
482.10 0
482.15 0
482.20 0
482.25 0
482.30 0
482.35 0
482.40 0
482.45 0
482.50 0
482.55 0
482.60 0
482.65 0
482.70 0
482.75 0
482.80 0
482.85 0
482.90 0
482.95 0
483.00 0
483.05 0
483.10 0
483.15 0
483.20 0
483.25 0
483.30 0
483.35 0
483.40 0
483.45 0
483.50 0
483.55 0
483.60 0
483.65 0
483.70 0
483.75 0
483.80 0
483.85 0
483.90 0
483.95 0
484.00 0
484.05 0
484.10 0
484.15 0
484.20 0
484.25 0
484.30 0
484.35 0
484.40 0
484.45 0
484.50 0
484.55 0
484.60 0
484.65 0
484.70 0
484.75 0
484.80 0
484.85 0
484.90 0
484.95 0
485.00 0
485.05 0
485.10 0
485.15 0
485.20 0
485.25 0
485.30 0
485.35 0
485.40 0
485.45 0
485.50 0
485.55 0
485.60 0
485.65 0
485.70 0
485.75 0
485.80 0
485.85 0
485.90 0
485.95 0
486.00 0
486.05 0
486.10 0
486.15 0
486.20 0
486.25 0
486.30 0
486.35 0
486.40 0
486.45 0
486.50 0
486.55 0
486.60 0
486.65 0
486.70 0
486.75 0
486.80 0
486.85 0
486.90 0
486.95 0
487.00 0
487.05 0
487.10 0
487.15 0
487.20 0
487.25 0
487.30 0
487.35 0
487.40 0
487.45 0
487.50 0
487.55 0
487.60 0
487.65 0
487.70 0
487.75 0
487.80 0
487.85 0
487.90 0
487.95 0
488.00 0
488.05 0
488.10 0
488.15 0
488.20 0
488.25 0
488.30 0
488.35 0
488.40 0
488.45 0
488.50 0
488.55 0
488.60 0
488.65 0
488.70 0
488.75 0
488.80 0
488.85 0
488.90 0
488.95 0
489.00 0
489.05 0
489.10 0
489.15 0
489.20 0
489.25 0
489.30 0
489.35 0
489.40 0
489.45 0
489.50 0
489.55 0
489.60 0
489.65 0
489.70 0
489.75 0
489.80 0
489.85 0
489.90 0
489.95 0
490.00 0
490.05 0
490.10 0
490.15 0
490.20 0
490.25 0
490.30 0
490.35 0
490.40 0
490.45 0
490.50 0
490.55 0
490.60 0
490.65 0
490.70 0
490.75 0
490.80 0
490.85 0
490.90 0
490.95 0
491.00 0
491.05 0
491.10 0
491.15 0
491.20 0
491.25 0
491.30 0
491.35 0
491.40 0
491.45 0
491.50 0
491.55 0
491.60 0
491.65 0
491.70 0
491.75 0
491.80 0
491.85 0
491.90 0
491.95 0
492.00 0
492.05 0
492.10 0
492.15 0
492.20 0
492.25 0
492.30 0
492.35 0
492.40 0
492.45 0
492.50 0
492.55 0
492.60 0
492.65 0
492.70 0
492.75 0
492.80 0
492.85 0
492.90 0
492.95 0
493.00 0
493.05 0
493.10 0
493.15 0
493.20 0
493.25 0
493.30 0
493.35 0
493.40 0
493.45 0
493.50 0
493.55 0
493.60 0
493.65 0
493.70 0
493.75 0
493.80 0
493.85 0
493.90 0
493.95 0
494.00 0
494.05 0
494.10 0
494.15 0
494.20 0
494.25 0
494.30 0
494.35 0
494.40 0
494.45 0
494.50 0
494.55 0
494.60 0
494.65 0
494.70 0
494.75 0
494.80 0
494.85 0
494.90 0
494.95 0
495.00 0
495.05 0
495.10 0
495.15 0
495.20 0
495.25 0
495.30 0
495.35 0
495.40 0
495.45 0
495.50 0
495.55 0
495.60 0
495.65 0
495.70 0
495.75 0
495.80 0
495.85 0
495.90 0
495.95 0
496.00 0
496.05 0
496.10 0
496.15 0
496.20 0
496.25 0
496.30 0
496.35 0
496.40 0
496.45 0
496.50 0
496.55 0
496.60 0
496.65 0
496.70 0
496.75 0
496.80 0
496.85 0
496.90 0
496.95 0
497.00 0
497.05 0
497.10 0
497.15 0
497.20 0
497.25 0
497.30 0
497.35 0
497.40 0
497.45 0
497.50 0
497.55 0
497.60 0
497.65 0
497.70 0
497.75 0
497.80 0
497.85 0
497.90 0
497.95 0
498.00 0
498.05 0
498.10 0
498.15 0
498.20 0
498.25 0
498.30 0
498.35 0
498.40 0
498.45 0
498.50 0
498.55 0
498.60 0
498.65 0
498.70 0
498.75 0
498.80 0
498.85 0
498.90 0
498.95 0
499.00 0
499.05 0
499.10 0
499.15 0
499.20 0
499.25 0
499.30 0
499.35 0
499.40 0
499.45 0
499.50 0
499.55 0
499.60 0
499.65 0
499.70 0
499.75 0
499.80 0
499.85 0
499.90 0
499.95 0
